 3.0720  3.0398
 3.0356  3.0173
 3.0198  3.0033
 3.0125  3.0088
 3.0203  3.0051
 3.0280  3.0047
 3.0129  2.9938
 3.0112  2.9999
 3.0051  2.9805
 3.0002  2.9761
 2.9950  2.9858
 2.9968  2.9781
 2.9868  2.9930
 2.9844  2.9856
 2.9937  2.9802
 3.0091  2.9769
 2.9693  2.9758
 2.9785  2.9437
 2.9602  2.9282
 2.9604  2.8996
 2.9560  2.9229
 2.9312  2.8917
 2.9325  2.9016
 2.9427  2.8704
 2.9103  2.8881
 2.9202  2.8734
 2.9075  2.8840
 2.8906  2.8713
 2.8994  2.8753
 2.9052  2.8691
 2.9063  2.8645
 2.9021  2.8508
 2.9013  2.8697
 2.8922  2.8416
 2.9036  2.8654
 2.8776  2.8235
 2.8951  2.8493
 2.8802  2.8731
 2.8908  2.8652
 2.9092  2.8577
 2.8951  2.8450
 2.8876  2.8669
 2.8874  2.8399
 2.8994  2.8345
 2.8743  2.8112
 2.8868  2.8103
 2.8735  2.8079
 2.8756  2.8314
 2.8789  2.8270
 2.8703  2.8045
 2.8491  2.7930
 2.8437  2.8100
 2.8537  2.7884
 2.8496  2.7973
 2.8579  2.8121
 2.8558  2.8054
 2.8462  2.7893
 2.8392  2.8070
 2.8407  2.7820
 2.8350  2.7911
 2.8507  2.7925
 2.8350  2.7825
 2.8478  2.7906
 2.8437  2.7940
 2.8427  2.7755
 2.8299  2.7783
 2.8353  2.7626
 2.8166  2.7514
 2.8314  2.7635
 2.8364  2.7847
 2.8283  2.7785
 2.7975  2.8118
 2.7962  2.7438
 2.8192  2.7681
 2.8167  2.7833
 2.8022  2.7634
 2.7954  2.7503
 2.8183  2.7311
 2.7907  2.7534
 2.8068  2.7622
 2.8085  2.7460
 2.8103  2.7494
 2.8156  2.7426
 2.8104  2.7667
 2.7773  2.7209
 2.8156  2.7437
 2.7852  2.7457
 2.8022  2.7129
 2.7824  2.7289
 2.8182  2.7251
 2.7688  2.7307
 2.7934  2.7223
 2.7693  2.7042
 2.7998  2.7151
 2.7855  2.7147
 2.7653  2.7318
 2.7659  2.7213
 2.7471  2.7271
 2.7926  2.6864
 2.7714  2.7161
 2.7737  2.7041
 2.7621  2.7045
 2.7673  2.7261
 2.7379  2.7390
 2.7731  2.6832
 2.7636  2.7117
 2.7549  2.6694
 2.7733  2.6961
 2.7573  2.6616
 2.7094  2.6656
 2.7489  2.6666
 2.7399  2.6891
 2.7540  2.6577
 2.7233  2.6857
 2.7389  2.6494
 2.7566  2.6652
 2.7260  2.6966
 2.7469  2.6622
 2.7211  2.6922
 2.7411  2.6737
 2.7333  2.6667
 2.7406  2.7140
 2.7639  2.6780
 2.7011  2.6274
 2.7372  2.6865
 2.7208  2.6718
 2.7434  2.6429
 2.7266  2.6646
 2.7257  2.6431
 2.6867  2.6421
 2.7180  2.6433
 2.6943  2.6391
 2.7245  2.6799
 2.7295  2.6582
 2.7420  2.6503
 2.7059  2.6604
 2.7155  2.6758
 2.7282  2.6761
 2.7048  2.6747
 2.7117  2.6574
 2.7190  2.6383
 2.7111  2.6426
 2.7213  2.6793
 2.6967  2.6490
 2.7212  2.6237
 2.7127  2.6461
 2.6811  2.6217
 2.7332  2.6238
 2.6899  2.6753
 2.6932  2.6545
 2.7122  2.6646
 2.7146  2.6357
 2.6789  2.6532
 2.7130  2.6261
 2.6846  2.6721
 2.6933  2.6674
 2.7058  2.6176
 2.7050  2.5917
 2.6952  2.6183
 2.7170  2.6652
 2.6964  2.5872
 2.7022  2.5853
 2.6905  2.5949
 2.6657  2.5875
 2.6725  2.6191
 2.7141  2.6152
 2.7130  2.6260
 2.6780  2.6357
 2.7052  2.6198
 2.6901  2.5991
 2.6758  2.6279
 2.6640  2.5923
 2.6990  2.5967
 2.6727  2.6352
 2.6619  2.6218
 2.6691  2.5952
