 3.1677  3.0533
 3.0379  3.0167
 3.0496  3.0301
 3.0479  3.0331
 3.0555  3.0270
 3.0128  3.0092
 3.0509  2.9804
 3.0391  3.0355
 3.0036  3.0050
 3.0180  3.0351
 3.0414  3.0147
 3.0064  3.0409
 2.9999  3.0013
 3.0086  2.9991
 3.0198  3.0145
 3.0133  2.9571
 3.0110  3.0109
 3.0308  2.9906
 3.0185  2.9935
 3.0193  2.9898
 3.0045  3.0019
 3.0187  2.9970
 2.9960  2.9931
 3.0045  2.9848
 3.0099  2.9903
 2.9840  2.9988
 2.9886  2.9624
 2.9874  2.9523
 2.9975  2.9987
 2.9981  3.0136
 3.0174  2.9963
 3.0338  2.9866
 3.0144  3.0111
 3.0098  2.9540
 2.9949  2.9470
 3.0249  2.9735
 2.9779  3.0238
 2.9942  2.9691
 2.9827  2.9994
 3.0165  2.9797
 3.0088  2.9913
 3.0085  2.9492
 3.0039  2.9671
 2.9954  2.9703
 2.9987  2.9841
 2.9780  2.9820
 3.0084  2.9761
 3.0086  2.9767
 3.0155  2.9946
 2.9976  2.9840
 2.9911  2.9903
 2.9680  2.9489
 2.9836  2.9691
 3.0078  2.9732
 2.9816  2.9729
 2.9846  2.9639
 2.9959  2.9341
 2.9782  2.9594
 2.9569  2.9114
 2.9605  2.9208
 2.9680  2.9333
 3.0012  2.9213
 2.9822  2.9306
 2.9611  2.9528
 2.9562  2.9116
 2.9791  2.9661
 3.0018  2.9258
 2.9609  2.8906
 2.9737  2.9421
 2.9706  2.8954
 2.9373  2.9407
 2.9182  2.9514
 2.9556  2.9206
 2.9479  2.9266
 2.9173  2.9003
 2.9314  2.9384
 2.9346  2.8892
 2.9624  2.9178
 2.9453  2.8758
 2.9427  2.9239
 2.9765  2.9177
 2.9097  2.8894
 2.9230  2.8627
 2.9417  2.9310
 2.9579  2.9141
 2.9502  2.9228
 2.9181  2.9326
 2.9124  2.8922
 2.9112  2.8717
 2.9076  2.9093
 2.9517  2.9232
 2.9245  2.9031
 2.9319  2.8766
 2.9338  2.8862
 2.9558  2.9271
 2.9360  2.8843
 2.9236  2.8592
 2.9206  2.8577
 2.9147  2.8800
 2.9296  2.8719
 2.9154  2.8964
 2.9085  2.8985
 2.9026  2.8494
 2.8775  2.8364
 2.8769  2.9127
 2.9285  2.8577
 2.9353  2.8391
 2.9225  2.8675
 2.8783  2.8696
 2.9057  2.8960
 2.9135  2.8663
 2.9079  2.8404
 2.8927  2.8932
 2.8924  2.8372
 2.8761  2.8437
 2.8983  2.8614
 2.9085  2.8979
 2.9048  2.8758
 2.9254  2.8562
 2.9544  2.8652
 2.8787  2.8416
 2.8916  2.8681
 2.8826  2.8912
 2.8647  2.8916
 2.8750  2.8422
 2.8757  2.8428
 2.8801  2.7996
 2.8464  2.8472
 2.8530  2.8036
 2.8898  2.7585
 2.8989  2.8408
 2.8676  2.8760
 2.8663  2.8435
 2.8474  2.8433
 2.8731  2.8038
 2.8384  2.7910
 2.8405  2.8179
 2.8585  2.7933
 2.8575  2.8551
 2.8535  2.8193
 2.8634  2.7831
 2.8487  2.8157
 2.8516  2.8036
 2.8395  2.7924
 2.8227  2.8551
 2.8390  2.8441
 2.8711  2.8277
 2.8510  2.8065
 2.8814  2.8125
 2.8307  2.8260
 2.8509  2.7605
 2.8197  2.8145
 2.8627  2.8290
 2.8199  2.8261
 2.8364  2.8150
 2.8263  2.7665
 2.8457  2.7623
 2.7667  2.8410
 2.8280  2.7745
 2.8185  2.7745
 2.8409  2.8177
 2.8219  2.7817
 2.8481  2.7628
 2.8208  2.7821
 2.8096  2.7678
 2.8686  2.7820
 2.8105  2.7846
 2.8376  2.7930
 2.8323  2.8049
 2.8249  2.8375
 2.8472  2.7765
 2.8642  2.7567
 2.8524  2.7297
 2.8232  2.7431
 2.8371  2.8066
 2.8226  2.7766
 2.8333  2.7943
 2.8191  2.7760
 2.8553  2.8097
 2.8553  2.7939
 2.8276  2.7775
 2.7875  2.7971
 2.7932  2.7920
 2.8460  2.7397
 2.7811  2.7239
 2.8414  2.7938
 2.8221  2.7762
 2.8020  2.7633
 2.7560  2.7611
 2.8170  2.7990
 2.8071  2.7314
 2.8699  2.7730
 2.8211  2.7701
 2.7995  2.7387
 2.7802  2.7838
 2.8287  2.7520
 2.8084  2.7826
 2.8102  2.7732
 2.7932  2.7012
 2.7924  2.7117
 2.7967  2.7602
 2.8008  2.7779
 2.7787  2.7883
 2.7953  2.7811
 2.8335  2.8216
 2.7948  2.7487
 2.7978  2.7312
 2.8590  2.7311
 2.8074  2.7703
 2.7501  2.7496
 2.7771  2.7633
 2.7599  2.7751
 2.7693  2.7468
 2.8436  2.7134
 2.7616  2.8162
 2.8067  2.7206
 2.7856  2.8065
 2.8093  2.7486
 2.7945  2.6872
 2.7443  2.6936
 2.7643  2.8100
 2.7768  2.6974
 2.7968  2.7315
 2.7917  2.7212
 2.7967  2.6546
 2.7896  2.7390
 2.7938  2.7469
 2.7588  2.7527
 2.7589  2.7034
 2.8062  2.7051
 2.7963  2.7412
 2.8075  2.7518
 2.7945  2.7664
 2.7812  2.7419
 2.7704  2.7689
 2.8070  2.7445
 2.7959  2.7085
 2.7749  2.6700
 2.7749  2.7924
 2.7652  2.7018
 2.8334  2.7412
 2.7888  2.7191
 2.7799  2.6694
 2.7953  2.7178
 2.7508  2.7412
 2.7843  2.7340
 2.7720  2.7244
 2.7382  2.7051
 2.7190  2.7149
 2.8180  2.7263
 2.7745  2.6859
 2.7502  2.7219
 2.8190  2.7343
 2.7499  2.6993
 2.7717  2.6899
 2.7641  2.7173
 2.7559  2.7012
 2.7284  2.6654
 2.7591  2.6879
 2.7787  2.6925
 2.8073  2.7414
 2.7845  2.7033
 2.7637  2.6876
 2.7640  2.7407
 2.7857  2.7337
 2.7952  2.7422
 2.7992  2.6766
 2.7622  2.6947
 2.7856  2.7385
 2.7343  2.7959
 2.7501  2.7575
 2.7366  2.7208
 2.7691  2.6486
 2.7504  2.7849
 2.7461  2.7274
 2.7778  2.6860
 2.7741  2.7218
 2.7901  2.7278
 2.7509  2.7169
 2.7426  2.6871
 2.7772  2.7072
 2.7234  2.6882
 2.7163  2.6880
 2.7438  2.7136
 2.7483  2.7017
 2.7540  2.7042
 2.7240  2.7030
 2.7374  2.6221
 2.7893  2.6827
 2.7374  2.7019
 2.7654  2.6521
 2.7586  2.6683
 2.7644  2.6910
 2.7428  2.6656
 2.7321  2.7025
 2.7121  2.6954
 2.7762  2.6865
 2.8076  2.6885
 2.7219  2.5990
 2.7348  2.6904
 2.6949  2.6911
 2.7491  2.6395
 2.7465  2.6041
 2.7629  2.6260
 2.7441  2.6903
 2.7066  2.6606
 2.7899  2.6902
 2.6800  2.6778
 2.6546  2.6583
 2.7397  2.6664
 2.7584  2.7210
 2.7661  2.6333
 2.7315  2.7510
 2.7559  2.6846
 2.7044  2.6719
 2.7156  2.6666
 2.7225  2.6873
 2.7275  2.6467
 2.7779  2.6677
 2.6674  2.6404
 2.7449  2.6376
 2.7581  2.7616
 2.7514  2.6770
 2.7244  2.7071
 2.7245  2.6629
 2.7333  2.6559
 2.6754  2.6465
 2.7943  2.6222
 2.6791  2.6356
 2.7478  2.6752
 2.7228  2.7053
 2.7172  2.7308
 2.7666  2.7624
 2.6664  2.6749
 2.7695  2.6349
 2.7645  2.6667
 2.7462  2.6466
 2.6857  2.6346
 2.7577  2.6757
 2.7248  2.7125
 2.7993  2.7044
 2.7049  2.6595
 2.7126  2.6800
 2.6943  2.6980
 2.6916  2.7092
 2.6444  2.6572
 2.6370  2.6597
 2.6910  2.6685
 2.7222  2.6750
 2.7402  2.6323
 2.6990  2.6292
 2.6523  2.7240
 2.7065  2.6208
 2.7255  2.5615
 2.6816  2.6916
 2.7254  2.6764
 2.7311  2.6638
 2.7233  2.7059
 2.7407  2.6763
 2.7063  2.7020
 2.7087  2.6569
 2.7051  2.6619
 2.7116  2.6809
 2.7532  2.6529
 2.7488  2.6757
 2.7332  2.6853
 2.6851  2.6180
 2.7158  2.6545
 2.7294  2.6426
 2.7091  2.6271
 2.7127  2.6577
 2.7589  2.6645
 2.7051  2.6442
 2.7155  2.6620
 2.7407  2.6624
 2.7024  2.6977
 2.7143  2.6268
 2.7156  2.6383
 2.7390  2.5812
 2.6874  2.6752
 2.6665  2.6418
 2.6841  2.6831
 2.7080  2.5644
 2.7072  2.6144
 2.7389  2.7020
 2.6550  2.6639
 2.7006  2.7052
 2.7128  2.6420
 2.7004  2.5675
 2.6494  2.7053
 2.6799  2.5986
 2.6319  2.6296
 2.6752  2.6322
 2.6922  2.6357
 2.6627  2.6665
 2.7036  2.7216
 2.6462  2.6226
 2.6885  2.7027
 2.6986  2.5940
 2.7038  2.6121
 2.6565  2.6110
 2.6406  2.6820
 2.6633  2.5971
 2.6464  2.7336
 2.6905  2.6732
 2.7075  2.5806
 2.7214  2.7155
 2.7238  2.6530
 2.6898  2.6545
 2.6606  2.5246
 2.7113  2.6409
 2.7265  2.6193
 2.6876  2.5459
 2.6814  2.6120
 2.6978  2.6627
 2.7261  2.6598
 2.7049  2.6044
 2.6832  2.6156
 2.6908  2.6014
 2.7132  2.6019
 2.7244  2.5732
 2.6946  2.6048
 2.6644  2.5850
 2.7200  2.5966
 2.7243  2.6240
 2.7014  2.6245
 2.6806  2.6138
 2.7074  2.5633
 2.6747  2.6470
 2.6118  2.6440
 2.6178  2.5915
 2.6507  2.6310
 2.6379  2.6804
 2.6629  2.7173
 2.7041  2.5844
 2.6408  2.6320
 2.6747  2.6281
 2.6460  2.6359
 2.6035  2.6154
 2.6918  2.5353
 2.6511  2.5953
 2.6954  2.5586
 2.6691  2.6611
 2.6932  2.6541
 2.6424  2.5704
 2.6968  2.6205
 2.6700  2.5963
 2.6560  2.6763
 2.6897  2.5994
 2.7011  2.5663
 2.6836  2.5445
 2.6680  2.6516
 2.6557  2.5994
 2.6928  2.6507
 2.6559  2.6301
 2.6560  2.6739
 2.6855  2.6737
 2.6413  2.5893
 2.6562  2.6713
 2.6793  2.5922
 2.6817  2.6057
 2.6991  2.6752
 2.6287  2.6649
 2.7195  2.6621
 2.6681  2.5742
 2.6853  2.6112
 2.6842  2.6160
 2.6547  2.6122
 2.6616  2.5024
 2.6937  2.6999
 2.6883  2.5791
 2.6752  2.5508
 2.6552  2.6259
 2.7012  2.6000
 2.7081  2.5562
 2.7649  2.6220
 2.6561  2.6487
 2.6647  2.6517
 2.6413  2.6117
 2.6948  2.6137
 2.6869  2.5828
 2.6813  2.5648
 2.6432  2.6090
 2.6360  2.5445
 2.6623  2.6506
 2.6773  2.6037
 2.6736  2.6496
 2.5949  2.6048
 2.6887  2.5686
 2.6959  2.6082
 2.6015  2.4906
 2.6526  2.4859
 2.6865  2.6208
 2.6125  2.6445
 2.6285  2.5534
 2.6752  2.5798
 2.6817  2.5034
 2.6408  2.5905
 2.6831  2.5959
 2.6306  2.6446
 2.6571  2.5285
 2.7661  2.6285
 2.6141  2.6793
 2.6983  2.5260
 2.6732  2.5788
 2.6933  2.6175
 2.7439  2.6055
 2.6483  2.6387
 2.6354  2.5175
 2.6678  2.5120
 2.6710  2.5462
 2.6227  2.6150
 2.6835  2.5227
 2.6070  2.6106
 2.6307  2.5526
 2.6615  2.5384
 2.6720  2.5329
 2.6181  2.6285
 2.6289  2.6433
 2.7165  2.5662
 2.7007  2.6135
 2.6588  2.4916
 2.6713  2.5293
 2.6358  2.5926
 2.6362  2.5619
 2.6186  2.6370
 2.6110  2.5313
 2.6604  2.5690
 2.6464  2.6549
 2.6478  2.6314
 2.6656  2.6697
 2.6164  2.5958
 2.6526  2.5730
 2.6474  2.6025
 2.6811  2.5767
 2.6513  2.6427
 2.6720  2.5694
 2.6393  2.5556
 2.6241  2.5104
 2.6911  2.5314
 2.6393  2.5641
 2.6709  2.6605
 2.5830  2.4983
 2.7269  2.5609
 2.6523  2.6643
 2.6934  2.6135
 2.7184  2.6277
 2.6339  2.5123
 2.6664  2.6358
 2.5931  2.6528
 2.6275  2.5561
 2.6232  2.6356
 2.6987  2.5470
 2.6122  2.5816
 2.6329  2.5144
 2.6544  2.5849
 2.6501  2.5093
 2.6480  2.5837
 2.5558  2.5059
 2.6908  2.4691
 2.6448  2.5437
 2.6395  2.4981
 2.5885  2.5495
 2.6402  2.5770
 2.5763  2.6502
 2.6301  2.5623
 2.6639  2.5595
 2.6164  2.5214
 2.5821  2.5915
 2.5364  2.6238
 2.6626  2.5202
 2.6778  2.6274
 2.6378  2.6328
 2.7049  2.5868
 2.6250  2.5772
 2.6293  2.6045
 2.6738  2.5645
 2.5601  2.6035
 2.6378  2.5439
 2.6381  2.5797
 2.7130  2.6524
 2.5650  2.5348
 2.6305  2.5880
 2.6213  2.5649
 2.6217  2.4920
 2.6543  2.5477
 2.5836  2.6125
 2.6759  2.5687
 2.6128  2.5887
 2.6662  2.4459
 2.6866  2.5561
 2.7006  2.5836
 2.6435  2.5362
 2.6346  2.4862
 2.5974  2.5370
 2.6093  2.5098
 2.6646  2.5826
 2.6671  2.4889
 2.6963  2.6085
 2.6196  2.5667
 2.6007  2.6296
 2.5741  2.5508
 2.6071  2.5663
 2.6533  2.5771
 2.5826  2.4733
 2.6849  2.5963
 2.6671  2.5493
 2.6868  2.5559
 2.6136  2.5303
 2.5930  2.5776
 2.6112  2.5429
 2.5675  2.5095
 2.6233  2.5643
 2.6331  2.6444
 2.5498  2.5018
 2.6664  2.5833
 2.6048  2.5028
 2.5988  2.5588
 2.6344  2.5745
 2.5791  2.4816
 2.6390  2.6069
 2.5953  2.5386
 2.6619  2.5432
 2.6365  2.5883
 2.6535  2.6189
 2.6760  2.5118
 2.6548  2.5311
 2.5394  2.5470
 2.6459  2.5861
 2.5455  2.4950
 2.6600  2.6009
 2.6182  2.5793
 2.5940  2.6385
 2.6473  2.5128
 2.5912  2.6067
 2.6152  2.4895
 2.6137  2.5473
 2.5774  2.5303
 2.5975  2.5991
 2.7065  2.5949
 2.6738  2.6074
 2.6508  2.5067
 2.6141  2.5262
 2.6028  2.6323
 2.5988  2.5729
 2.6276  2.4812
 2.6044  2.5290
 2.6069  2.4855
 2.6752  2.6555
 2.6100  2.4639
 2.6587  2.5758
 2.5601  2.5466
 2.6288  2.5409
 2.6827  2.5179
 2.5592  2.6029
 2.6494  2.6211
 2.6410  2.6342
 2.6508  2.5658
 2.6179  2.5407
 2.6006  2.4686
 2.6406  2.5047
 2.6227  2.4836
 2.6045  2.5889
 2.6437  2.4684
 2.5678  2.4779
 2.6313  2.5641
 2.5561  2.5099
 2.6144  2.4498
 2.6307  2.4823
 2.5951  2.6026
 2.5282  2.4942
 2.6333  2.5168
 2.5979  2.5455
 2.5567  2.5248
 2.6374  2.5770
 2.6274  2.5705
 2.5568  2.4323
 2.5678  2.5679
 2.5699  2.5153
 2.6827  2.4768
 2.5959  2.5013
 2.5583  2.5419
 2.6227  2.5840
 2.6489  2.5225
 2.5861  2.5021
 2.5842  2.4665
 2.6496  2.5163
 2.6441  2.5526
 2.6142  2.6234
 2.6535  2.6093
 2.5749  2.5627
 2.5846  2.5491
 2.6040  2.5499
 2.6426  2.5191
 2.5795  2.4638
 2.5957  2.5468
 2.7114  2.5744
 2.6829  2.5402
 2.6284  2.5779
 2.5858  2.5645
 2.6342  2.5134
 2.6017  2.5694
 2.6276  2.4975
 2.5437  2.5555
 2.6933  2.4787
 2.5980  2.5220
 2.6262  2.6232
 2.6039  2.5249
 2.6076  2.4904
 2.6234  2.4750
 2.6207  2.5798
 2.5249  2.5607
 2.5701  2.5834
 2.5687  2.5235
 2.6030  2.5491
 2.5826  2.5752
 2.6290  2.5674
 2.6019  2.5448
 2.6608  2.6161
 2.6018  2.4899
 2.5811  2.5843
 2.5590  2.6265
 2.6080  2.5431
 2.6323  2.5296
 2.5973  2.5039
 2.6169  2.5237
 2.5933  2.6071
 2.6386  2.5486
 2.5215  2.5677
 2.5876  2.5152
 2.5510  2.4964
 2.6253  2.5281
 2.6046  2.5080
 2.5869  2.5006
 2.4849  2.5262
 2.6238  2.5872
 2.6447  2.5729
 2.5502  2.5274
 2.6280  2.6213
 2.5731  2.5274
 2.6391  2.5405
 2.5647  2.6503
 2.6062  2.5446
 2.5285  2.5448
 2.6515  2.5451
 2.6178  2.5155
 2.5517  2.6175
 2.6313  2.3724
 2.6575  2.4612
 2.5331  2.5169
 2.6482  2.4966
 2.5960  2.5122
 2.5341  2.5586
 2.6392  2.5437
 2.6408  2.5465
 2.5511  2.4753
 2.5861  2.5321
 2.5603  2.4974
 2.6086  2.5934
 2.5934  2.4750
 2.6314  2.4487
 2.6372  2.5389
 2.6353  2.4947
 2.5888  2.5130
 2.5491  2.5182
 2.5646  2.5396
 2.5306  2.5509
 2.5507  2.6177
 2.6594  2.5242
 2.6588  2.5083
 2.6113  2.5683
 2.5709  2.5875
 2.5849  2.5211
 2.6242  2.4239
 2.5876  2.6043
 2.4856  2.5009
 2.5884  2.4381
 2.5796  2.5862
 2.5347  2.4821
 2.6095  2.5187
 2.6299  2.5086
 2.5715  2.5643
 2.5598  2.5176
 2.6032  2.5382
 2.6292  2.4469
 2.5890  2.6367
 2.6506  2.5266
 2.5618  2.4726
 2.5809  2.5123
 2.5352  2.5322
 2.5438  2.6014
 2.5870  2.5888
 2.5573  2.5521
 2.5382  2.4577
 2.5715  2.5677
 2.5602  2.3489
 2.5851  2.4403
 2.6127  2.5142
 2.5274  2.4747
 2.6109  2.5348
 2.5636  2.4742
 2.5883  2.4730
 2.6178  2.5219
 2.6362  2.5471
 2.5808  2.5421
 2.5978  2.6246
 2.5957  2.5378
 2.5868  2.5257
 2.5672  2.5121
 2.5358  2.5037
 2.5443  2.5352
 2.4955  2.4868
 2.5310  2.4970
 2.5697  2.6113
 2.5436  2.5417
 2.6325  2.5249
 2.6092  2.6269
 2.6178  2.5379
 2.5631  2.4995
 2.5789  2.4924
 2.6068  2.5556
 2.5897  2.5962
 2.5959  2.4492
 2.6113  2.5203
 2.5658  2.5282
 2.6253  2.5527
 2.4856  2.4620
 2.5866  2.5531
 2.5706  2.5163
 2.5858  2.5890
 2.5745  2.5561
 2.6096  2.5705
 2.5774  2.6080
 2.5630  2.5421
 2.5774  2.4090
 2.5506  2.6239
 2.5526  2.4824
 2.4895  2.5227
 2.6063  2.4994
 2.5649  2.5118
 2.6152  2.5247
 2.5781  2.5315
 2.5965  2.5320
 2.5769  2.4790
 2.5273  2.4655
 2.6228  2.5553
 2.5737  2.5783
 2.6017  2.4275
 2.5962  2.4824
 2.5080  2.5444
 2.6089  2.5107
 2.5383  2.5613
 2.5646  2.4594
 2.5806  2.4718
 2.6140  2.4606
 2.5935  2.5467
 2.5633  2.5186
 2.5290  2.5041
 2.6137  2.4922
 2.6098  2.5378
 2.5615  2.5998
 2.6343  2.4869
 2.5213  2.4688
 2.5975  2.5906
 2.6011  2.4832
 2.5478  2.5597
 2.5736  2.5430
 2.4889  2.5656
 2.5732  2.4572
 2.5793  2.3552
 2.6342  2.4507
 2.5734  2.5408
 2.6216  2.4789
 2.6311  2.5847
 2.5392  2.4363
 2.5815  2.5102
 2.5612  2.4756
 2.5263  2.6588
 2.5149  2.5264
 2.5209  2.4860
 2.6397  2.4907
 2.5530  2.4904
 2.5245  2.4725
 2.5377  2.4715
 2.6124  2.4630
 2.5521  2.4465
 2.5066  2.5262
 2.5366  2.4636
 2.5120  2.4989
 2.5415  2.4355
 2.5697  2.5020
 2.5012  2.3847
 2.5439  2.5032
 2.5277  2.4784
 2.6451  2.4759
 2.5432  2.5152
 2.5499  2.6629
 2.5681  2.5585
 2.5900  2.5674
 2.6443  2.4905
 2.4415  2.5908
 2.5258  2.4766
 2.4638  2.4373
 2.5131  2.6023
 2.5450  2.4255
 2.6852  2.6115
 2.5474  2.4640
 2.5371  2.4419
 2.5884  2.5736
 2.5852  2.5300
 2.5515  2.3959
 2.5697  2.4465
 2.5371  2.4901
 2.5825  2.5809
 2.5505  2.4589
 2.6398  2.5763
 2.6111  2.4463
 2.5374  2.4940
 2.5474  2.4326
 2.4890  2.5626
 2.5255  2.5612
 2.5188  2.5174
 2.5038  2.4777
 2.6084  2.5464
 2.4715  2.4495
 2.6457  2.5275
 2.4870  2.3099
 2.5088  2.5036
 2.5702  2.3638
 2.5653  2.5054
 2.5681  2.4670
 2.5483  2.4528
 2.6137  2.6474
 2.5574  2.4348
 2.5985  2.4578
 2.5408  2.3349
 2.5438  2.4184
 2.5082  2.4475
 2.6125  2.5176
 2.4538  2.3825
 2.5824  2.4203
 2.4976  2.4420
 2.5768  2.4851
 2.6195  2.5057
 2.6023  2.4585
 2.5666  2.5276
 2.6642  2.4953
 2.5240  2.5003
 2.5816  2.4922
 2.6064  2.5884
 2.5300  2.4420
 2.5158  2.5958
 2.5596  2.4809
 2.5612  2.4853
 2.4900  2.5492
 2.6057  2.3531
 2.5968  2.5384
 2.5579  2.5367
 2.5579  2.4968
 2.5229  2.4923
 2.4737  2.5099
 2.5809  2.4997
 2.5674  2.5097
 2.5824  2.5820
 2.5783  2.4928
 2.5801  2.5746
 2.5000  2.5264
 2.4850  2.5677
 2.5954  2.4568
 2.4893  2.5350
 2.5141  2.4580
 2.5141  2.4817
 2.5005  2.4561
 2.5247  2.4738
 2.5558  2.4258
 2.5273  2.4170
 2.5458  2.4661
 2.4472  2.5226
 2.5191  2.4146
 2.6116  2.4137
 2.4919  2.5404
 2.4241  2.5217
 2.5373  2.5342
 2.5951  2.4833
 2.4887  2.5343
 2.5345  2.5301
 2.5263  2.4564
 2.4787  2.4941
 2.5848  2.5348
 2.6012  2.5337
 2.5517  2.3383
 2.5910  2.5049
 2.5431  2.4947
 2.4961  2.4957
 2.5633  2.5799
 2.5181  2.4467
 2.5722  2.5241
 2.5063  2.4803
 2.5510  2.4052
 2.5354  2.5219
 2.5250  2.3335
 2.5211  2.5491
 2.5346  2.4688
 2.5394  2.4948
 2.5828  2.4457
 2.4672  2.4833
 2.5087  2.3899
 2.5451  2.4357
 2.5447  2.4501
 2.5172  2.4792
 2.5414  2.4140
 2.5926  2.4759
 2.5886  2.5857
 2.4678  2.4881
 2.6840  2.4388
 2.4995  2.5758
 2.5293  2.4825
 2.4852  2.3716
 2.5879  2.4821
 2.5548  2.5720
 2.5305  2.4556
 2.5784  2.3492
 2.5501  2.4682
 2.5350  2.5187
 2.5472  2.4396
 2.5233  2.4936
 2.4555  2.4190
 2.5571  2.5225
 2.4910  2.4858
 2.6125  2.5249
 2.5206  2.4186
 2.5904  2.4363
 2.5061  2.3772
 2.5352  2.4239
 2.5870  2.4154
 2.5470  2.5984
 2.5504  2.5214
 2.5363  2.4834
 2.5094  2.3299
 2.6461  2.4041
 2.6052  2.5852
 2.5382  2.3844
 2.5169  2.5198
 2.5970  2.4804
 2.5723  2.5555
 2.5316  2.4681
 2.5076  2.5213
 2.5761  2.4880
 2.4935  2.4562
 2.5082  2.4221
 2.5849  2.4381
 2.5541  2.5091
 2.5430  2.4374
 2.4644  2.4648
 2.5772  2.4638
 2.4639  2.5813
 2.5097  2.5229
 2.5394  2.4768
 2.4491  2.4630
 2.5102  2.3384
 2.4835  2.4636
 2.5864  2.5810
 2.5420  2.5603
 2.5455  2.4461
 2.5285  2.4507
 2.4970  2.4349
 2.5401  2.4441
 2.4790  2.4849
 2.5172  2.5929
 2.4688  2.4477
 2.5794  2.5785
 2.5945  2.4362
 2.5244  2.4133
 2.5330  2.3962
 2.4692  2.3757
 2.4248  2.5074
 2.5096  2.4648
 2.5727  2.4290
 2.5411  2.6019
 2.5137  2.5544
 2.5160  2.4463
 2.5132  2.5444
 2.4817  2.5435
 2.5150  2.5346
 2.5438  2.3443
 2.4902  2.3511
 2.4889  2.4960
 2.5009  2.4962
 2.4732  2.5675
 2.5069  2.4717
 2.5409  2.5342
 2.5110  2.3857
 2.5623  2.4887
 2.5739  2.4342
 2.3993  2.4214
 2.4888  2.4856
 2.5351  2.5015
 2.5709  2.4634
 2.4908  2.4570
 2.4908  2.4708
 2.5634  2.4143
 2.5353  2.5487
 2.5341  2.4659
 2.5574  2.4401
 2.5761  2.5288
 2.4990  2.4221
 2.4994  2.4891
 2.4977  2.5279
 2.5282  2.4273
 2.4861  2.4178
 2.5531  2.4235
 2.4014  2.4243
 2.5474  2.3797
 2.5017  2.4551
 2.4967  2.5511
 2.5409  2.4945
 2.4818  2.5176
 2.4791  2.5064
 2.5444  2.4704
 2.5752  2.3709
 2.5804  2.4816
 2.4738  2.3841
 2.5275  2.4480
 2.5514  2.5809
 2.4944  2.5263
 2.5050  2.4994
 2.4910  2.4941
 2.4219  2.4750
 2.5425  2.4526
 2.5324  2.4804
 2.5849  2.4828
 2.5348  2.4898
 2.5639  2.3983
 2.5193  2.4819
 2.5410  2.4444
 2.4929  2.5197
 2.5322  2.4200
 2.4792  2.5360
 2.4710  2.4119
 2.5440  2.3739
 2.5365  2.4049
 2.5407  2.4848
 2.4997  2.4836
 2.5164  2.4429
 2.5619  2.4424
 2.6219  2.5140
 2.4064  2.5313
 2.5160  2.4478
 2.4705  2.3825
 2.5012  2.5369
 2.4888  2.5135
 2.5670  2.4765
 2.5293  2.5491
 2.5320  2.5626
 2.5721  2.4440
 2.5512  2.3941
 2.4996  2.4963
 2.5960  2.4242
 2.5080  2.4598
 2.4936  2.3853
 2.5099  2.5020
 2.5200  2.3947
 2.4136  2.4439
 2.5394  2.3795
 2.4210  2.5278
 2.4360  2.5235
 2.5426  2.3184
 2.4645  2.4877
 2.5791  2.4400
 2.5307  2.5900
 2.4878  2.4910
 2.5046  2.4601
 2.5377  2.3882
 2.4956  2.4975
 2.5366  2.5290
 2.5035  2.5106
 2.4840  2.5207
 2.5127  2.4956
 2.4972  2.4334
 2.4435  2.5063
 2.6073  2.4135
 2.5643  2.4142
 2.4964  2.4124
 2.4646  2.3387
 2.5366  2.5263
 2.5505  2.4101
 2.5140  2.5351
 2.5082  2.3738
 2.4470  2.4132
 2.4739  2.4804
 2.4285  2.4374
 2.4862  2.4469
 2.4992  2.4663
 2.5133  2.5672
 2.5098  2.4553
 2.4834  2.5677
 2.5313  2.5090
 2.5326  2.5517
 2.4924  2.4516
 2.4971  2.5726
 2.4617  2.3827
 2.4547  2.4236
 2.5643  2.4686
 2.4876  2.3688
 2.5811  2.3660
 2.4815  2.2731
 2.3760  2.4413
 2.4734  2.4366
 2.5579  2.5517
 2.4953  2.4604
 2.5226  2.4714
 2.4751  2.4998
 2.4327  2.3601
 2.5030  2.5280
 2.5355  2.4520
 2.4986  2.4066
 2.4872  2.4767
 2.4183  2.4212
 2.4444  2.6081
 2.5111  2.5115
 2.4948  2.5781
 2.5705  2.4059
 2.5090  2.4396
 2.5020  2.4334
 2.5860  2.5079
 2.5666  2.4957
 2.4603  2.4458
 2.5599  2.5294
 2.4694  2.4181
 2.5841  2.4460
 2.4789  2.4127
 2.6103  2.4563
 2.4697  2.4138
 2.5006  2.5068
 2.4977  2.3752
 2.4204  2.4953
 2.5784  2.4513
 2.5562  2.5185
 2.5247  2.3383
 2.4053  2.4070
 2.4627  2.4939
 2.4822  2.4726
 2.4305  2.4429
 2.4152  2.4100
 2.4654  2.4269
 2.4825  2.4595
 2.4545  2.4482
 2.4565  2.3962
 2.5184  2.4700
 2.5055  2.3781
 2.5248  2.4604
 2.4998  2.5040
 2.4622  2.4181
 2.4534  2.4902
 2.4662  2.4437
 2.5591  2.5165
 2.5407  2.5327
 2.5383  2.5785
 2.4662  2.4397
 2.5655  2.4146
 2.4095  2.5058
 2.5292  2.4655
 2.5136  2.5427
 2.5133  2.4577
 2.5611  2.4780
 2.5738  2.4692
 2.4663  2.5155
 2.4923  2.5463
 2.4723  2.4988
 2.5848  2.5108
 2.5563  2.3752
 2.3769  2.4079
 2.5067  2.4951
 2.4668  2.5368
 2.4592  2.5151
 2.4949  2.4818
 2.4962  2.4106
 2.4224  2.4086
 2.5194  2.4332
 2.5616  2.4913
 2.5397  2.4509
 2.3822  2.4532
 2.5159  2.4391
 2.4278  2.4403
 2.4978  2.4485
 2.4904  2.5064
 2.4920  2.4218
 2.5222  2.3884
 2.4913  2.3838
 2.4616  2.5310
 2.4634  2.4862
 2.4846  2.5000
 2.4111  2.3877
 2.4285  2.4336
 2.5183  2.4609
 2.5165  2.5370
 2.4307  2.4608
 2.4237  2.4607
 2.4146  2.3200
 2.4376  2.4763
 2.4690  2.4407
 2.4647  2.3050
 2.5074  2.5865
 2.4855  2.4318
 2.4736  2.4247
 2.5262  2.4146
 2.4984  2.5373
 2.4204  2.4726
 2.4578  2.3473
 2.4652  2.3837
 2.5258  2.5180
 2.5627  2.3578
 2.4263  2.5217
 2.4866  2.5347
 2.5422  2.4475
 2.5069  2.5583
 2.4449  2.3840
 2.4841  2.4518
 2.5053  2.4170
 2.4803  2.3665
 2.4893  2.4484
 2.5626  2.4623
 2.4793  2.3921
 2.4755  2.4208
 2.4496  2.4676
 2.5099  2.4793
 2.4649  2.3401
 2.4389  2.3477
 2.4517  2.4706
 2.4330  2.5259
 2.5127  2.4648
 2.4023  2.4528
 2.5214  2.5063
 2.4982  2.5783
 2.3492  2.4316
 2.4064  2.4183
 2.4575  2.5192
 2.5468  2.3906
 2.5040  2.4464
 2.4117  2.4741
 2.5300  2.3988
 2.3901  2.4551
 2.4019  2.4608
 2.3966  2.4890
 2.5088  2.5500
 2.4497  2.4417
 2.4212  2.5361
 2.4044  2.4195
 2.5600  2.4972
 2.4117  2.4514
 2.4619  2.4028
 2.4612  2.4888
 2.4599  2.4586
 2.5189  2.5757
 2.5275  2.4541
 2.4400  2.4764
 2.4461  2.4748
 2.4451  2.4303
 2.4793  2.3582
 2.5189  2.4620
 2.4711  2.4535
 2.4293  2.4652
 2.4628  2.3981
 2.5147  2.4012
 2.4310  2.3233
 2.5050  2.4816
 2.4339  2.4541
 2.4166  2.4216
 2.3862  2.2892
 2.5214  2.3503
 2.5498  2.3671
 2.3789  2.4110
 2.5215  2.5020
 2.4309  2.4274
 2.5330  2.4562
 2.5194  2.3263
 2.4197  2.4324
 2.4774  2.3206
 2.5103  2.4095
 2.5022  2.4687
 2.4196  2.5200
 2.4652  2.4008
 2.5164  2.4444
 2.5189  2.4565
 2.4714  2.4295
 2.4431  2.3478
 2.4568  2.4326
 2.4360  2.5779
 2.5141  2.5002
 2.4471  2.4216
 2.4342  2.4661
 2.4055  2.4229
 2.4607  2.4352
 2.4084  2.3836
 2.4683  2.5275
 2.4833  2.4326
 2.4633  2.4137
 2.4921  2.3996
 2.4940  2.4718
 2.4343  2.4226
 2.4976  2.4791
 2.4661  2.4636
 2.4253  2.3881
 2.5351  2.3633
 2.5141  2.3384
 2.4571  2.3422
 2.5000  2.4843
 2.4297  2.5772
 2.5232  2.5630
 2.4541  2.3832
 2.5264  2.4189
 2.4915  2.3796
 2.5795  2.4916
 2.5393  2.4436
 2.4918  2.4091
 2.3919  2.4725
 2.5072  2.4003
 2.4647  2.4932
 2.4904  2.5169
 2.5780  2.5023
 2.4468  2.5335
 2.4928  2.4828
 2.4610  2.4315
 2.4944  2.4548
 2.4375  2.5354
 2.4231  2.4257
 2.4754  2.4171
 2.5262  2.4909
 2.5285  2.4852
 2.5244  2.4498
 2.4312  2.3602
 2.4721  2.5193
 2.4426  2.3613
 2.4646  2.5021
 2.3770  2.4840
 2.3603  2.4654
 2.4781  2.3210
 2.4293  2.3724
 2.5404  2.3804
 2.5271  2.4015
 2.4530  2.4282
 2.5345  2.4471
 2.4292  2.5084
 2.4918  2.4072
 2.4297  2.4621
 2.5374  2.3585
 2.3990  2.4400
 2.5300  2.4287
 2.5638  2.5038
 2.4832  2.4861
 2.4799  2.3977
 2.4421  2.4297
 2.4914  2.3412
 2.3930  2.3953
 2.4817  2.5302
 2.4558  2.4870
 2.5130  2.4828
 2.4739  2.4907
 2.4065  2.4018
 2.4662  2.5298
 2.4780  2.5255
 2.4006  2.3930
 2.4504  2.3673
 2.5426  2.4105
 2.4022  2.5146
 2.5147  2.3791
 2.3673  2.4153
 2.4424  2.4200
 2.5065  2.4795
 2.5239  2.3931
 2.5073  2.3988
 2.4300  2.3724
 2.4895  2.3817
 2.4412  2.5335
 2.4283  2.4404
 2.4266  2.4099
 2.5139  2.3737
 2.4494  2.4387
 2.5662  2.5141
 2.4671  2.3484
 2.4714  2.4066
 2.4846  2.4153
 2.4999  2.3503
 2.4575  2.5087
 2.5084  2.5038
 2.4702  2.5085
 2.5317  2.5775
 2.4627  2.4303
 2.4286  2.4295
 2.3910  2.4562
 2.4817  2.3291
 2.4465  2.4740
 2.4541  2.4515
 2.5632  2.6113
 2.4604  2.3016
 2.4151  2.3340
 2.3846  2.5231
 2.5129  2.4532
 2.4687  2.3400
 2.4415  2.4543
 2.4600  2.2955
 2.5017  2.5054
 2.4682  2.3776
 2.3979  2.5038
 2.4515  2.5474
 2.3874  2.3920
 2.4884  2.3332
 2.3809  2.4920
 2.4813  2.4535
 2.4259  2.4630
 2.3251  2.4788
 2.4145  2.3794
 2.5320  2.4210
 2.3769  2.4313
 2.5060  2.4486
 2.4072  2.3734
 2.4611  2.4953
 2.4947  2.3656
 2.4243  2.3541
 2.4771  2.4437
 2.4304  2.4914
 2.4197  2.3693
 2.5043  2.4352
 2.4647  2.4128
 2.4578  2.4450
 2.4416  2.3587
 2.4123  2.3787
 2.4092  2.4454
 2.3509  2.4676
 2.4404  2.3831
 2.4233  2.5120
 2.4790  2.4845
 2.3856  2.4921
 2.4786  2.4126
 2.4407  2.4456
 2.3942  2.3698
 2.4686  2.3993
 2.4432  2.4157
 2.4290  2.4251
 2.4154  2.4195
 2.3399  2.4713
 2.5624  2.2916
 2.5444  2.4103
 2.4057  2.4054
 2.4683  2.4045
 2.3974  2.4070
 2.4609  2.5255
 2.4849  2.3598
 2.4782  2.4097
 2.4630  2.4646
 2.4350  2.3153
 2.4707  2.4020
 2.4082  2.5217
 2.4780  2.5299
 2.4024  2.4675
 2.4243  2.3958
 2.4382  2.4510
 2.4826  2.4171
 2.4400  2.4224
 2.3742  2.4858
 2.3465  2.3233
 2.4569  2.4517
 2.4162  2.2807
 2.4801  2.4612
 2.4951  2.4202
 2.4070  2.5372
 2.4032  2.3806
 2.4869  2.3693
 2.4051  2.4378
 2.5018  2.4384
 2.5717  2.4325
 2.4578  2.4402
 2.5040  2.4580
 2.3451  2.5540
 2.4189  2.5146
 2.4752  2.4141
 2.5035  2.3770
 2.4984  2.3115
 2.3510  2.4311
 2.3711  2.5300
 2.3995  2.3320
 2.4700  2.4174
 2.4691  2.4521
 2.5067  2.4288
 2.4085  2.4921
 2.4415  2.4599
 2.4756  2.3472
 2.4451  2.4040
 2.4319  2.5492
 2.4756  2.5866
 2.4958  2.4161
 2.4154  2.4824
 2.4750  2.5418
 2.4351  2.3964
 2.4481  2.4324
 2.4740  2.4902
 2.3327  2.4402
 2.4411  2.4422
 2.4643  2.4395
 2.4439  2.4139
 2.4149  2.5788
 2.5101  2.5290
 2.4316  2.5466
 2.3916  2.3635
 2.4615  2.5142
 2.4777  2.4382
 2.3969  2.4427
 2.5291  2.4322
 2.4285  2.4708
 2.4604  2.3917
 2.4749  2.5257
 2.5243  2.3591
 2.4644  2.3924
 2.4518  2.4309
 2.4728  2.4127
 2.4088  2.4165
 2.4739  2.4923
 2.4405  2.4375
 2.3522  2.3612
 2.4622  2.3081
 2.4595  2.4362
 2.4181  2.5083
 2.3914  2.3535
 2.4363  2.3913
 2.4522  2.4212
 2.4016  2.5166
 2.4880  2.3920
 2.3711  2.4346
 2.4881  2.3809
 2.4423  2.5003
 2.3310  2.3574
 2.4284  2.4767
 2.4868  2.3684
 2.3842  2.4955
 2.4620  2.5029
 2.3574  2.4689
 2.4690  2.4186
 2.4475  2.5629
 2.5132  2.3531
 2.4208  2.4712
 2.4117  2.3979
 2.4220  2.5251
 2.3591  2.4690
 2.3824  2.3309
 2.4918  2.3760
 2.4677  2.3420
 2.3660  2.2587
 2.4493  2.5155
 2.3986  2.4828
 2.3914  2.6079
 2.5154  2.4470
 2.4810  2.4394
 2.3617  2.5303
 2.3387  2.4274
 2.4893  2.3920
 2.4674  2.5003
 2.4289  2.3808
 2.4258  2.4528
 2.4654  2.2802
 2.4813  2.3556
 2.4354  2.5787
 2.4744  2.3366
 2.4062  2.4619
 2.5368  2.4480
 2.3877  2.3612
 2.4171  2.4178
 2.4533  2.4029
 2.5077  2.3835
 2.4137  2.4531
 2.4112  2.4118
 2.4763  2.4896
 2.4465  2.4340
 2.4265  2.3372
 2.4806  2.4312
 2.4748  2.5143
 2.5337  2.4758
 2.4539  2.3689
 2.4509  2.4526
 2.4401  2.3974
 2.5229  2.3836
 2.4721  2.4232
 2.3830  2.3981
 2.3119  2.5256
 2.3756  2.4688
 2.3488  2.5313
 2.4517  2.3929
 2.4016  2.4361
 2.4102  2.5305
 2.4806  2.5526
 2.4780  2.4814
 2.5142  2.3952
 2.4354  2.3625
 2.4069  2.4376
 2.3758  2.5330
 2.4183  2.4784
 2.4297  2.4563
 2.3724  2.3943
 2.4578  2.3854
 2.5246  2.4400
 2.4913  2.5014
 2.4601  2.5237
 2.4196  2.3503
 2.3581  2.3292
 2.4266  2.4309
 2.4384  2.3055
 2.4038  2.4503
 2.5058  2.4358
 2.4621  2.3705
 2.4783  2.4886
 2.5107  2.5193
 2.4510  2.5068
 2.5374  2.3470
 2.5160  2.4460
 2.4518  2.3745
 2.5020  2.4536
 2.4813  2.3452
 2.4210  2.5516
 2.3510  2.4802
 2.4853  2.3430
 2.3907  2.3232
 2.4339  2.3521
 2.4588  2.5160
 2.4396  2.5530
 2.3801  2.2941
 2.4302  2.5184
 2.4023  2.4881
 2.4175  2.3589
 2.4045  2.4861
 2.4264  2.4221
 2.3861  2.4816
 2.5100  2.5077
 2.3908  2.5178
 2.4450  2.3676
 2.4420  2.4995
 2.4078  2.4510
 2.3171  2.4082
 2.4292  2.3627
 2.4525  2.5052
 2.4385  2.3167
 2.4626  2.3590
 2.4211  2.5563
 2.4006  2.4781
 2.3893  2.4269
 2.4333  2.3952
 2.5212  2.3405
 2.3887  2.3923
 2.3998  2.5401
 2.4378  2.4608
 2.4131  2.3063
 2.3662  2.4311
 2.5005  2.4024
 2.3887  2.5128
 2.4656  2.4019
 2.4576  2.4960
 2.4138  2.4553
 2.4831  2.3510
 2.4259  2.4673
 2.4758  2.5684
 2.4280  2.5201
 2.3880  2.3974
 2.4913  2.4088
 2.3926  2.4337
 2.3610  2.4079
 2.4462  2.4790
 2.2716  2.3222
 2.5071  2.4378
 2.4025  2.3901
 2.4027  2.4689
 2.4814  2.4748
 2.4147  2.3952
 2.4434  2.2954
 2.3820  2.3859
 2.4372  2.5047
 2.4979  2.5479
 2.4173  2.4041
 2.4567  2.4014
 2.4462  2.3914
 2.4525  2.5209
 2.4128  2.4436
 2.3256  2.4170
 2.4680  2.3970
 2.3601  2.2439
 2.4359  2.3469
 2.3956  2.5009
 2.3987  2.3070
 2.4586  2.4172
 2.4898  2.4404
 2.3290  2.4583
 2.4325  2.4702
 2.3963  2.4787
 2.4048  2.5888
 2.3902  2.5265
 2.3990  2.3636
 2.3163  2.4703
 2.3668  2.4857
 2.4518  2.4298
 2.3847  2.5921
 2.4682  2.2857
 2.2985  2.4558
 2.3890  2.4396
 2.3949  2.3424
 2.3909  2.4438
 2.4368  2.4776
 2.4583  2.3234
 2.4616  2.4466
 2.3911  2.3241
 2.4547  2.4354
 2.4305  2.3718
 2.3777  2.4545
 2.3919  2.3457
 2.3299  2.3902
 2.4435  2.3141
 2.4699  2.5294
 2.3642  2.3748
 2.3967  2.5350
 2.4638  2.4607
 2.4465  2.3083
 2.4385  2.3667
 2.3494  2.4895
 2.4687  2.5433
 2.3288  2.5260
 2.5037  2.4048
 2.3915  2.3902
 2.3990  2.2471
 2.3722  2.4523
 2.4077  2.4217
 2.4468  2.4858
 2.3130  2.5005
 2.3718  2.4311
 2.3780  2.3593
 2.5476  2.4503
 2.3306  2.3710
 2.4472  2.3995
 2.4472  2.4564
 2.3810  2.4870
 2.4322  2.3248
 2.3083  2.4189
 2.3825  2.3431
 2.3978  2.4221
 2.4645  2.3573
 2.3868  2.4329
 2.4761  2.3673
 2.4450  2.4295
 2.5041  2.3407
 2.3361  2.4478
 2.4209  2.4843
 2.4762  2.5113
 2.3740  2.3973
 2.3707  2.4202
 2.2646  2.4704
 2.5360  2.4081
 2.4256  2.4084
 2.3665  2.4415
 2.4758  2.5566
 2.3757  2.4334
 2.4296  2.5035
 2.3923  2.4378
 2.4227  2.3453
 2.4309  2.4538
 2.4346  2.4987
 2.5176  2.5693
 2.4659  2.3280
 2.4060  2.4781
 2.3619  2.3122
 2.3552  2.5399
 2.4189  2.4961
 2.3750  2.4385
 2.3991  2.4866
 2.3507  2.3747
 2.3810  2.5142
 2.4529  2.4501
 2.3506  2.3893
 2.4561  2.3055
 2.4059  2.5129
 2.5137  2.4020
 2.4395  2.5393
 2.4951  2.3894
 2.4043  2.4318
 2.3535  2.3831
 2.4181  2.4775
 2.4596  2.4108
 2.4450  2.5071
 2.4481  2.4667
 2.4612  2.3188
 2.3902  2.4438
 2.4080  2.4990
 2.4382  2.5266
 2.4182  2.5067
 2.4477  2.4750
 2.4452  2.4991
 2.3700  2.4293
 2.4573  2.3136
 2.3985  2.4834
 2.4132  2.4434
 2.4724  2.4467
 2.4879  2.3085
 2.4366  2.4816
 2.3408  2.4642
 2.4225  2.5177
 2.3828  2.4280
 2.3936  2.6246
 2.4051  2.4320
 2.5260  2.5050
 2.3673  2.5295
 2.4300  2.4102
 2.3300  2.4316
 2.3421  2.3550
 2.2639  2.4597
 2.4868  2.4203
 2.4227  2.4258
 2.4365  2.3849
 2.4078  2.5049
 2.3956  2.5044
 2.3838  2.4623
 2.3976  2.4181
 2.3432  2.5198
 2.4605  2.3130
 2.4476  2.4235
 2.3951  2.4026
 2.4144  2.3232
 2.4370  2.3380
 2.4963  2.3581
 2.4651  2.4016
 2.3031  2.4248
 2.4134  2.4124
 2.4264  2.4133
 2.3741  2.3376
 2.5047  2.4359
 2.3355  2.4639
 2.4838  2.3796
 2.4143  2.5050
 2.3796  2.4486
 2.4369  2.4505
 2.3947  2.5196
 2.3373  2.3290
 2.4459  2.3347
 2.3852  2.4021
 2.4020  2.4809
 2.3483  2.4291
 2.4190  2.3455
 2.4129  2.4489
 2.3673  2.3349
 2.4588  2.4145
 2.3509  2.5322
 2.3657  2.4300
 2.4321  2.4216
 2.3856  2.4597
 2.4564  2.4317
 2.4389  2.5285
 2.4437  2.4963
 2.3727  2.3475
 2.3774  2.3448
 2.4499  2.2160
 2.3966  2.4398
 2.4399  2.3064
 2.4123  2.4291
 2.3779  2.3594
 2.4166  2.3504
 2.4446  2.4834
 2.3278  2.5036
 2.3157  2.3957
 2.4551  2.3987
 2.3496  2.4005
 2.3482  2.4335
 2.4435  2.4193
 2.4933  2.5379
 2.4560  2.4353
 2.3556  2.4099
 2.3586  2.4235
 2.3545  2.3413
 2.4279  2.3875
 2.4392  2.5248
 2.3545  2.4014
 2.4081  2.4304
 2.3392  2.6009
 2.4127  2.4159
 2.3309  2.4809
 2.4132  2.4793
 2.3681  2.4100
 2.3888  2.5052
 2.3728  2.1307
 2.3828  2.4729
 2.4809  2.2760
 2.3871  2.3321
 2.4462  2.5104
 2.4045  2.2843
 2.4648  2.4166
 2.2920  2.4139
 2.3887  2.4521
 2.4487  2.3446
 2.3445  2.4242
 2.4217  2.4787
 2.4601  2.4245
 2.5189  2.3422
 2.4444  2.5243
 2.3237  2.3798
 2.3863  2.3730
 2.3730  2.3435
 2.3558  2.3977
 2.4036  2.4639
 2.4387  2.4112
 2.3179  2.4658
 2.4308  2.3462
 2.4660  2.2491
 2.3716  2.4545
 2.3843  2.5190
 2.3289  2.3777
 2.3452  2.4189
 2.3433  2.3811
 2.4724  2.4517
 2.4291  2.5126
 2.4737  2.3653
 2.4295  2.6015
 2.4748  2.4373
 2.3675  2.5877
 2.4288  2.3723
 2.3469  2.4337
 2.3244  2.4589
 2.3964  2.3973
 2.4075  2.3441
 2.4294  2.3863
 2.3001  2.3703
 2.3867  2.4526
 2.3958  2.3494
 2.3164  2.4017
 2.4037  2.1926
 2.4268  2.3763
 2.4042  2.4240
 2.3772  2.3687
 2.4005  2.3291
 2.4166  2.4022
 2.4243  2.4168
 2.4653  2.4742
 2.4959  2.3021
 2.4300  2.3744
 2.4522  2.2898
 2.3674  2.4281
 2.3900  2.4292
 2.3860  2.4935
 2.3793  2.4234
 2.3688  2.4170
 2.3891  2.4081
 2.4514  2.3789
 2.4380  2.3492
 2.4752  2.3938
 2.3875  2.2470
 2.3827  2.5162
 2.3083  2.5045
 2.4055  2.2723
 2.4775  2.3345
 2.4968  2.4046
 2.3413  2.2943
 2.4798  2.4380
 2.4285  2.3651
 2.3226  2.3253
 2.2700  2.3639
 2.3579  2.5720
 2.4053  2.4527
 2.4213  2.3690
 2.3204  2.2930
 2.4060  2.4335
 2.3651  2.4256
 2.5098  2.4138
 2.4147  2.3392
 2.4282  2.3013
 2.4589  2.2872
 2.2839  2.3550
 2.4364  2.2974
 2.4189  2.3690
 2.5136  2.4805
 2.3889  2.3923
 2.2473  2.2922
 2.3492  2.2661
 2.4463  2.4385
 2.4217  2.5156
 2.4183  2.4304
 2.3517  2.4920
 2.4736  2.4567
 2.3794  2.3265
 2.4669  2.4158
 2.3905  2.3772
 2.3990  2.4003
 2.4204  2.3898
 2.3365  2.2673
 2.4323  2.5784
 2.3943  2.4303
 2.3710  2.4540
 2.3780  2.4628
 2.3393  2.4610
 2.4111  2.3797
 2.2846  2.3574
 2.3768  2.3892
 2.3029  2.3417
 2.3186  2.4162
 2.4136  2.3931
 2.3420  2.4995
 2.4058  2.4193
 2.3693  2.3851
 2.4205  2.4196
 2.4124  2.4142
 2.3352  2.3541
 2.3777  2.2395
 2.3164  2.4164
 2.3640  2.4674
 2.3713  2.3107
 2.4204  2.4709
 2.3453  2.3946
 2.3122  2.3576
 2.4040  2.3720
 2.3344  2.5125
 2.3588  2.4633
 2.5244  2.4088
 2.3286  2.5093
 2.3119  2.4206
 2.4220  2.3964
 2.3693  2.4069
 2.4113  2.4381
 2.3527  2.4613
 2.4250  2.4274
 2.2540  2.4541
 2.2825  2.3524
 2.4104  2.4987
 2.3395  2.4003
 2.5127  2.2868
 2.3551  2.4428
 2.3906  2.4780
 2.4120  2.2946
 2.4757  2.4520
 2.2849  2.4321
 2.3863  2.4613
 2.3297  2.4078
 2.3773  2.3870
 2.4256  2.5333
 2.4912  2.5021
 2.3789  2.4680
 2.3517  2.5092
 2.3165  2.5397
 2.3890  2.4029
 2.3843  2.3230
 2.3362  2.3437
 2.3748  2.4939
 2.4611  2.4771
 2.2943  2.3956
 2.4133  2.4272
 2.3215  2.4213
 2.3605  2.4207
 2.4362  2.4423
 2.3547  2.5624
 2.3678  2.3484
 2.3889  2.4548
 2.3388  2.3146
 2.3820  2.4101
 2.4046  2.4415
 2.4028  2.5257
 2.4887  2.5033
 2.4166  2.4355
 2.3332  2.4590
 2.3743  2.3356
 2.4778  2.5449
 2.4272  2.3290
 2.4374  2.2690
 2.4945  2.3230
 2.4354  2.3912
 2.4656  2.2695
 2.4682  2.5208
 2.4244  2.3449
 2.3926  2.4219
 2.3241  2.3618
 2.4071  2.4240
 2.5344  2.4450
 2.4578  2.4083
 2.3568  2.3790
 2.3072  2.5011
 2.4100  2.4854
 2.4525  2.3872
 2.4301  2.4256
 2.4118  2.4937
 2.3408  2.4209
 2.3370  2.5345
 2.4376  2.4940
 2.4748  2.4657
 2.3619  2.4774
 2.3688  2.4645
 2.3319  2.5126
 2.4067  2.4532
 2.3625  2.4852
 2.3470  2.4586
 2.3920  2.3670
 2.3107  2.4690
 2.4032  2.3857
 2.3033  2.4457
 2.4581  2.4940
 2.3747  2.4891
 2.3836  2.3756
 2.3316  2.2569
 2.3248  2.5246
 2.4461  2.4725
 2.2644  2.3135
 2.4676  2.4148
 2.4170  2.5763
 2.3947  2.3398
 2.3958  2.3300
 2.4679  2.4265
 2.3136  2.2188
 2.3737  2.2080
 2.3358  2.3695
 2.3283  2.2856
 2.4352  2.5536
 2.3696  2.3243
 2.3911  2.3721
 2.3793  2.3909
 2.4414  2.4472
 2.4034  2.2941
 2.3490  2.3078
 2.3011  2.4227
 2.3462  2.3427
 2.4439  2.3798
 2.4414  2.3334
 2.4346  2.3960
 2.4230  2.4746
 2.3063  2.5155
 2.4107  2.5843
 2.4293  2.4030
 2.3864  2.3171
 2.3467  2.3050
 2.3784  2.4247
 2.3470  2.3666
 2.3454  2.3496
 2.4210  2.3860
 2.4878  2.4368
 2.3657  2.4460
 2.3626  2.5834
 2.3786  2.5827
 2.3846  2.4644
 2.3508  2.4829
 2.4441  2.3007
 2.3391  2.1408
 2.4083  2.4973
 2.3856  2.5798
 2.2780  2.4139
 2.3140  2.3977
 2.3856  2.4754
 2.3693  2.2413
 2.4321  2.4549
 2.4783  2.3697
 2.3989  2.4301
 2.4235  2.5407
 2.2840  2.3045
 2.3894  2.3429
 2.2946  2.5778
 2.3507  2.4962
 2.4482  2.5597
 2.4399  2.3332
 2.2752  2.4153
 2.4059  2.3537
 2.3719  2.4051
 2.3865  2.2960
 2.3266  2.4684
 2.4100  2.3007
 2.4781  2.4008
 2.3410  2.3956
 2.4254  2.3977
 2.3599  2.3354
 2.3773  2.3524
 2.3531  2.5052
 2.3447  2.4024
 2.3636  2.2288
 2.3369  2.5765
 2.4386  2.2845
 2.4811  2.3013
 2.3574  2.2757
 2.3498  2.2787
 2.3929  2.3445
 2.4128  2.4487
 2.4060  2.4754
 2.4826  2.3460
 2.3935  2.4273
 2.4348  2.3290
 2.4258  2.5605
 2.3703  2.4397
 2.4554  2.4149
 2.4938  2.4687
 2.4632  2.4290
 2.4006  2.3276
 2.3364  2.4131
 2.4583  2.3876
 2.4489  2.2843
 2.3996  2.4229
 2.4026  2.4847
 2.3828  2.4910
 2.3520  2.3713
 2.3844  2.5183
 2.4307  2.2677
 2.3379  2.4959
 2.4319  2.3913
 2.4129  2.3530
 2.2208  2.4652
 2.4246  2.4116
 2.3044  2.4131
 2.2521  2.3808
 2.3916  2.3525
 2.3718  2.5225
 2.3650  2.5100
 2.3957  2.4959
 2.3786  2.4837
 2.3438  2.3683
 2.3230  2.5120
 2.4930  2.3148
 2.4425  2.4003
 2.4081  2.2128
 2.4149  2.5218
 2.4010  2.3778
 2.3297  2.2947
 2.2479  2.3983
 2.3943  2.3830
 2.3212  2.4473
 2.3957  2.4829
 2.3568  2.2491
 2.3582  2.4378
 2.3729  2.3681
 2.3719  2.3799
 2.4877  2.2379
 2.3669  2.4769
 2.4179  2.5332
 2.3833  2.4356
 2.3137  2.3077
 2.4085  2.4729
 2.3678  2.4940
 2.4054  2.4677
 2.3751  2.2844
 2.4260  2.4378
 2.3591  2.4010
 2.4278  2.3734
 2.4532  2.4018
 2.3714  2.3080
 2.4378  2.3764
 2.3847  2.4473
 2.3584  2.4396
 2.3971  2.3900
 2.3674  2.5117
 2.3039  2.3742
 2.3141  2.5129
 2.3972  2.4605
 2.3845  2.5201
 2.4322  2.5400
 2.3554  2.4300
 2.3984  2.4134
 2.3428  2.3343
 2.3365  2.3970
 2.4236  2.3845
 2.3891  2.3492
 2.2663  2.3568
 2.4122  2.3055
 2.3320  2.4522
 2.2952  2.4225
 2.2799  2.4377
 2.2155  2.5531
 2.4612  2.2890
 2.4103  2.5077
 2.4159  2.4239
 2.3700  2.4494
 2.3450  2.3407
 2.4089  2.4495
 2.4097  2.4751
 2.4240  2.4299
 2.3640  2.4949
 2.4632  2.3161
 2.3585  2.4416
 2.4072  2.4790
 2.4896  2.4895
 2.3977  2.4372
 2.3733  2.3875
 2.3431  2.3813
 2.3935  2.4379
 2.3340  2.3159
 2.3698  2.4296
 2.3950  2.3035
 2.2505  2.5356
 2.3845  2.2322
 2.3574  2.5197
 2.4139  2.4174
 2.3475  2.4707
 2.4335  2.4558
 2.3903  2.4349
 2.4368  2.4358
 2.3990  2.4113
 2.3014  2.4173
 2.3400  2.3304
 2.3254  2.4106
 2.2850  2.4305
 2.4816  2.4213
 2.3489  2.4404
 2.3560  2.4089
 2.3855  2.5030
 2.3486  2.4446
 2.2931  2.4188
 2.3905  2.4648
 2.3364  2.3705
 2.4967  2.4510
 2.3749  2.2595
 2.3834  2.5400
 2.3606  2.4392
 2.3652  2.4198
 2.4892  2.4249
 2.4579  2.4128
 2.3988  2.4347
 2.4124  2.2954
 2.4615  2.4731
 2.3098  2.3566
 2.3639  2.3575
 2.4157  2.3322
 2.3355  2.3777
 2.4419  2.4207
 2.4199  2.3022
 2.3006  2.3991
 2.3033  2.3121
 2.3222  2.5138
 2.4156  2.4503
 2.3338  2.4271
 2.3687  2.4249
 2.4618  2.3796
 2.3579  2.4531
 2.3727  2.5046
 2.4328  2.4947
 2.3793  2.3762
 2.3512  2.4183
 2.3560  2.5410
 2.3952  2.5467
 2.4351  2.4984
 2.3907  2.2989
 2.3153  2.4072
 2.3381  2.4698
 2.3420  2.4759
 2.2679  2.3343
 2.3528  2.4968
 2.3941  2.3720
 2.3618  2.4182
 2.3411  2.3934
 2.2566  2.4121
 2.4060  2.5242
 2.4575  2.3847
 2.3845  2.2794
 2.3731  2.3749
 2.4503  2.2804
 2.3897  2.5530
 2.3204  2.4209
 2.3491  2.3326
 2.3768  2.4653
 2.4507  2.4658
 2.3750  2.4170
 2.3988  2.3714
 2.3914  2.5045
 2.4993  2.4348
 2.2910  2.3032
 2.2923  2.3694
 2.5052  2.4149
 2.2797  2.3781
 2.2749  2.3579
 2.3865  2.3432
 2.3498  2.3992
 2.4317  2.3836
 2.3130  2.4814
 2.3255  2.3208
 2.3180  2.4367
 2.4376  2.5023
 2.3750  2.3823
 2.2999  2.4830
 2.4325  2.5336
 2.3754  2.2861
 2.3401  2.4320
 2.3310  2.4476
 2.3909  2.3473
 2.2716  2.5382
 2.3129  2.4135
 2.4395  2.4172
 2.4804  2.5090
 2.4161  2.2810
 2.1990  2.4833
 2.3827  2.4475
 2.3190  2.4307
 2.3112  2.3693
 2.2686  2.4031
 2.4025  2.6237
 2.2471  2.5248
 2.2542  2.4217
 2.4448  2.3286
 2.4446  2.3513
 2.3340  2.3997
 2.3672  2.4099
 2.3548  2.3759
 2.3324  2.5389
 2.4411  2.5519
 2.3067  2.4316
 2.3433  2.4194
 2.3944  2.4397
 2.4364  2.4105
 2.3683  2.3710
 2.4301  2.4110
 2.3436  2.4114
 2.3371  2.3850
 2.2930  2.4598
 2.3442  2.2807
 2.3119  2.3929
 2.3587  2.4808
 2.4438  2.3435
 2.3849  2.3736
 2.3229  2.3871
 2.2904  2.5023
 2.2981  2.3284
 2.3884  2.4059
 2.2533  2.6509
 2.3706  2.5006
 2.4014  2.2510
 2.3969  2.4050
 2.2949  2.2358
 2.4308  2.3728
 2.4924  2.2628
 2.3465  2.4300
 2.3009  2.4777
 2.3616  2.3199
 2.4339  2.3903
 2.4620  2.4421
 2.3550  2.3128
 2.4179  2.2833
 2.3828  2.4249
 2.3849  2.4482
 2.3899  2.3387
 2.3929  2.4974
 2.3132  2.3479
 2.4016  2.4414
 2.2690  2.4063
 2.3524  2.5643
 2.3147  2.4193
 2.5203  2.4237
 2.3426  2.4022
 2.4104  2.3356
 2.2849  2.4035
 2.3475  2.4754
 2.4285  2.2336
 2.3549  2.3157
 2.3992  2.1413
 2.2126  2.4119
 2.4256  2.4899
 2.4286  2.3310
 2.3187  2.3685
 2.2879  2.4112
 2.3789  2.3356
 2.3489  2.3727
 2.3942  2.5116
 2.3950  2.3649
 2.3069  2.3898
 2.4443  2.4872
 2.3620  2.4537
 2.2296  2.4480
 2.2985  2.4010
 2.2587  2.4427
 2.4126  2.3388
 2.3867  2.3812
 2.2746  2.4436
 2.3656  2.3449
 2.4271  2.4178
 2.4415  2.5828
 2.3422  2.4649
 2.2984  2.3956
 2.3985  2.3778
 2.3994  2.5253
 2.4075  2.3015
 2.2406  2.3926
 2.3585  2.4489
 2.3423  2.4680
 2.4426  2.4522
 2.2740  2.2733
 2.5006  2.3686
 2.3631  2.3104
 2.3919  2.3918
 2.4291  2.3524
 2.4823  2.4448
 2.3175  2.4570
 2.2837  2.6071
 2.4046  2.4404
 2.3574  2.3914
 2.3399  2.4518
 2.4163  2.4126
 2.3702  2.3656
 2.3113  2.3868
 2.3894  2.4488
 2.3768  2.4318
 2.2303  2.3667
 2.3892  2.3494
 2.4461  2.3414
 2.3084  2.5582
 2.3074  2.2640
 2.3814  2.3644
 2.4311  2.3885
 2.2760  2.4195
 2.3967  2.3786
 2.2906  2.4234
 2.3129  2.3937
 2.4133  2.3254
 2.2992  2.3128
 2.3687  2.4977
 2.4645  2.5415
 2.4293  2.3795
 2.3626  2.4456
 2.3373  2.4210
 2.3450  2.3773
 2.3123  2.5658
 2.2433  2.4692
 2.2450  2.3878
 2.2036  2.4170
 2.2211  2.4084
 2.3813  2.4512
 2.4795  2.4195
 2.3777  2.4240
 2.3597  2.4275
 2.3739  2.3698
 2.3138  2.4275
 2.3903  2.4196
 2.4235  2.4150
 2.3709  2.4998
 2.3452  2.4777
 2.4176  2.3856
 2.3026  2.4793
 2.2428  2.4616
 2.3225  2.4508
 2.3813  2.3703
 2.3184  2.3936
 2.2992  2.3706
 2.3208  2.4488
 2.3471  2.5171
 2.3747  2.3561
 2.4320  2.4601
 2.2891  2.4277
 2.3060  2.2489
 2.3542  2.4258
 2.2459  2.3142
 2.3927  2.4513
 2.3776  2.3978
 2.3266  2.3482
 2.3994  2.3922
 2.3901  2.3760
 2.3510  2.4625
 2.3789  2.4220
 2.2674  2.4735
 2.4550  2.4630
 2.4278  2.4366
 2.3614  2.3442
 2.2434  2.5140
 2.3101  2.3100
 2.3882  2.4202
 2.3610  2.2798
 2.3560  2.5015
 2.3452  2.3971
 2.4475  2.4533
 2.4007  2.3555
 2.3669  2.4582
 2.3847  2.3868
 2.4274  2.4772
 2.3747  2.3718
 2.3758  2.4335
 2.3643  2.3601
 2.3090  2.3455
 2.4022  2.4049
 2.4285  2.5159
 2.4107  2.2895
 2.3926  2.4394
 2.2389  2.3241
 2.3216  2.5067
 2.3165  2.4978
 2.4355  2.5019
 2.3561  2.2747
 2.3546  2.4475
 2.3800  2.4608
 2.3931  2.3009
 2.3005  2.3690
 2.3330  2.3969
 2.4049  2.3903
 2.3029  2.3873
 2.4444  2.3642
 2.4131  2.2723
 2.3625  2.3150
 2.3031  2.3269
 2.3504  2.3384
 2.3021  2.3523
 2.4621  2.1749
 2.3293  2.4793
 2.4533  2.3745
 2.3115  2.3571
 2.3519  2.4752
 2.3414  2.4111
 2.2865  2.5847
 2.4164  2.2740
 2.2532  2.4185
 2.3952  2.3472
 2.3637  2.3160
 2.3882  2.3336
 2.4525  2.3796
 2.3584  2.5191
 2.4532  2.5935
 2.3064  2.4826
 2.4037  2.2590
 2.3167  2.3355
 2.3896  2.3482
 2.3835  2.5052
 2.3737  2.3695
 2.3797  2.3925
 2.5302  2.5101
 2.4447  2.3747
 2.3309  2.5239
 2.2975  2.3937
 2.4223  2.4090
 2.3265  2.3119
 2.3272  2.4466
 2.4876  2.1915
 2.2831  2.3349
 2.3841  2.4903
 2.4593  2.4898
 2.2645  2.3655
 2.2658  2.5645
 2.3931  2.3560
 2.3396  2.3694
 2.3509  2.4401
 2.4565  2.3268
 2.2802  2.3923
 2.3754  2.3564
 2.3769  2.4809
 2.3784  2.3875
 2.2344  2.2895
 2.2770  2.4396
 2.3533  2.5583
 2.2789  2.2979
 2.4213  2.3893
 2.3258  2.4926
 2.3842  2.4086
 2.3887  2.3829
 2.3110  2.2819
 2.3792  2.3770
 2.4543  2.3482
 2.3523  2.3374
 2.2270  2.3772
 2.3720  2.3096
 2.3021  2.2537
 2.4269  2.3823
 2.3477  2.5100
 2.3172  2.3603
 2.3490  2.3358
 2.4037  2.5260
 2.3104  2.4369
 2.3541  2.3931
 2.2720  2.4564
 2.3393  2.3879
 2.3166  2.0915
 2.3139  2.5358
 2.3819  2.5602
 2.3042  2.4294
 2.2453  2.4239
 2.5030  2.3712
 2.4127  2.4694
 2.3578  2.6174
 2.3948  2.4423
 2.3583  2.3615
 2.3597  2.3598
 2.4281  2.3788
 2.3760  2.3069
 2.3099  2.5570
 2.3762  2.3221
 2.3520  2.4509
 2.3431  2.5301
 2.3263  2.3852
 2.4017  2.3565
 2.3418  2.5047
 2.4123  2.4944
 2.2304  2.4633
 2.3130  2.4133
 2.3385  2.2925
 2.2468  2.4081
 2.3146  2.3204
 2.3872  2.3625
 2.3709  2.2965
 2.3371  2.3854
 2.3201  2.4046
 2.3971  2.3430
 2.4650  2.4873
 2.3796  2.2918
 2.3021  2.4932
 2.3350  2.4092
 2.3568  2.3823
 2.3482  2.3673
 2.3889  2.4935
 2.2535  2.6075
 2.1895  2.4258
 2.3712  2.5459
 2.3877  2.4445
 2.3416  2.5292
 2.3611  2.2692
 2.2655  2.3242
 2.4117  2.3383
 2.3594  2.3052
 2.3825  2.2730
 2.3678  2.4116
 2.3283  2.5364
 2.2867  2.4561
 2.2946  2.5179
 2.3018  2.4130
 2.3134  2.3866
 2.3342  2.5143
 2.3281  2.4508
 2.2511  2.6091
 2.3977  2.4884
 2.3098  2.3122
 2.2871  2.3669
 2.4605  2.4400
 2.3373  2.4682
 2.3468  2.4235
 2.2922  2.4804
 2.4158  2.4576
 2.2905  2.4935
 2.4033  2.3709
 2.4067  2.3694
 2.3491  2.5160
 2.3124  2.4525
 2.3349  2.2919
 2.3022  2.4549
 2.3003  2.3553
 2.3236  2.4939
 2.3170  2.4314
 2.2613  2.4475
 2.4363  2.5002
 2.2814  2.3819
 2.3359  2.4529
 2.4472  2.3794
 2.3172  2.2766
 2.3406  2.4581
 2.3571  2.3539
 2.3314  2.5034
 2.2359  2.3841
 2.3447  2.5008
 2.3869  2.5333
 2.2205  2.4224
 2.2419  2.4356
 2.2671  2.3837
 2.3309  2.2744
 2.3772  2.4549
 2.3375  2.4150
 2.3851  2.3968
 2.3413  2.5222
 2.4262  2.6439
 2.4663  2.3871
 2.3349  2.4409
 2.2868  2.4010
 2.4662  2.4470
 2.3440  2.3366
 2.2641  2.4007
 2.3089  2.4212
 2.3685  2.5250
 2.3667  2.4766
 2.4362  2.4508
 2.3608  2.4922
 2.3458  2.4249
 2.3205  2.3444
 2.4260  2.4499
 2.3870  2.3158
 2.3341  2.4516
 2.2509  2.3182
 2.3204  2.4187
 2.3597  2.4598
 2.2237  2.5853
 2.3447  2.4160
 2.2953  2.5260
 2.2898  2.4075
 2.3626  2.3087
 2.4191  2.4572
 2.2662  2.4635
 2.3017  2.5079
 2.2370  2.3653
 2.3543  2.1636
 2.3339  2.3561
 2.3694  2.4220
 2.2879  2.3816
 2.3888  2.3624
 2.3332  2.4800
 2.2568  2.4261
 2.3489  2.4086
 2.3225  2.3477
 2.3626  2.3005
 2.2907  2.4500
 2.2939  2.2464
 2.2667  2.4596
 2.3622  2.3793
 2.2739  2.4648
 2.4685  2.3616
 2.4043  2.4816
 2.3347  2.2965
 2.2774  2.4178
 2.4448  2.4191
 2.3960  2.4267
 2.3113  2.3848
 2.2698  2.4721
 2.3537  2.5212
 2.3262  2.4771
 2.2089  2.5205
 2.2998  2.3898
 2.2074  2.3905
 2.3733  2.4934
 2.2242  2.5925
 2.3700  2.5225
 2.4002  2.4496
 2.2799  2.4788
 2.3108  2.4254
 2.2962  2.4769
 2.2937  2.4511
 2.3166  2.5431
 2.3771  2.3604
 2.3326  2.3706
 2.2241  2.4653
 2.3150  2.3653
 2.3189  2.2835
 2.3543  2.4638
 2.2818  2.4265
 2.3762  2.2951
 2.2991  2.4100
 2.3162  2.5233
 2.3145  2.3491
 2.2673  2.3765
 2.2508  2.5414
 2.3835  2.3923
 2.2488  2.4646
 2.2968  2.3402
 2.3702  2.4888
 2.2605  2.4818
 2.3553  2.5614
 2.4471  2.2835
 2.2979  2.2922
 2.3822  2.4241
 2.3143  2.3016
 2.3841  2.3945
 2.3558  2.3821
 2.1864  2.2474
 2.4735  2.4728
 2.4371  2.3709
 2.3281  2.3463
 2.3128  2.2915
 2.3218  2.6589
 2.3331  2.5040
 2.3099  2.3373
 2.3765  2.4114
 2.3521  2.4797
 2.3898  2.4823
 2.3454  2.3976
 2.1890  2.3978
 2.3870  2.4448
 2.2896  2.3768
 2.2654  2.1667
 2.4499  2.3318
 2.4312  2.4406
 2.2228  2.4204
 2.3661  2.4656
 2.3009  2.3828
 2.4273  2.4640
 2.3602  2.3389
 2.3058  2.4241
 2.3590  2.4226
 2.3689  2.3385
 2.3258  2.5722
 2.2604  2.4639
 2.2811  2.4155
 2.3589  2.4991
 2.3614  2.4607
 2.3474  2.4708
 2.3404  2.3270
 2.3034  2.4049
 2.1453  2.5009
 2.3537  2.4675
 2.4607  2.4334
 2.3255  2.4230
 2.2626  2.3847
 2.3305  2.4899
 2.3083  2.4356
 2.3025  2.4679
 2.4162  2.2704
 2.3561  2.5589
 2.3333  2.5497
 2.3184  2.5076
 2.3173  2.4602
 2.3217  2.5061
 2.3015  2.3384
 2.3761  2.2484
 2.3715  2.5196
 2.3336  2.4426
 2.2373  2.4551
 2.3108  2.3465
 2.2742  2.4201
 2.4034  2.3625
 2.2937  2.4638
 2.2643  2.4467
 2.3820  2.4976
 2.3238  2.3903
 2.2506  2.3840
 2.2665  2.5852
 2.3396  2.4974
 2.3591  2.4180
 2.2613  2.5735
 2.2873  2.3511
 2.3228  2.5497
 2.3927  2.2588
 2.3063  2.4184
 2.2857  2.4509
 2.3074  2.2156
 2.3294  2.4654
 2.3177  2.3819
 2.2955  2.4186
 2.2925  2.3682
 2.3922  2.3984
 2.3251  2.2900
 2.3604  2.3839
 2.3939  2.4831
 2.2648  2.3575
 2.4421  2.4302
 2.4369  2.2253
 2.2670  2.2180
 2.3182  2.4983
 2.4268  2.3999
 2.3193  2.3352
 2.3883  2.3919
 2.3169  2.4033
 2.2202  2.4220
 2.2839  2.4366
 2.3808  2.3407
 2.3858  2.5297
 2.3762  2.3769
 2.4563  2.3124
 2.3118  2.3781
 2.4185  2.3162
 2.1991  2.4039
 2.3049  2.4027
 2.2721  2.5427
 2.3948  2.5244
 2.3836  2.3689
 2.3157  2.3474
 2.2360  2.6167
 2.2781  2.4681
 2.3448  2.3426
 2.3244  2.3722
 2.3396  2.3675
 2.3231  2.1951
 2.3782  2.4057
 2.3737  2.3970
 2.2797  2.4670
 2.3211  2.3330
 2.4062  2.4817
 2.3979  2.5079
 2.2816  2.4359
 2.3267  2.3242
 2.3656  2.5386
 2.3118  2.3984
 2.3462  2.4685
 2.4157  2.6667
 2.3732  2.4597
 2.3782  2.4225
 2.1929  2.3198
 2.3729  2.4070
 2.3711  2.3545
 2.3170  2.3777
 2.3302  2.3901
 2.3203  2.4706
 2.3407  2.4058
 2.2753  2.5508
 2.3020  2.4175
 2.2948  2.5181
 2.3402  2.3377
 2.4067  2.4509
 2.3230  2.4017
 2.3322  2.5771
 2.3274  2.3936
 2.2955  2.3787
 2.2945  2.4137
 2.3740  2.5858
 2.3391  2.4138
 2.3455  2.4406
 2.2978  2.4435
 2.3524  2.3557
 2.4076  2.2222
 2.2619  2.4489
 2.3673  2.5201
 2.3783  2.4248
 2.2295  2.4294
 2.3063  2.3740
 2.3805  2.3651
 2.2152  2.5430
 2.3798  2.4882
 2.1776  2.4650
 2.2855  2.4560
 2.3620  2.3673
 2.2819  2.4498
 2.3630  2.4875
 2.4020  2.4157
 2.2905  2.4573
 2.3236  2.4442
 2.3453  2.4135
 2.2661  2.4311
 2.3775  2.6346
 2.2811  2.4482
 2.2762  2.3465
 2.2797  2.5038
 2.3161  2.4115
 2.3153  2.4805
 2.4213  2.4191
 2.2764  2.3975
 2.2867  2.3828
 2.4019  2.3525
 2.3876  2.2846
 2.2900  2.3868
 2.1910  2.4585
 2.3616  2.4922
 2.3578  2.2975
 2.3344  2.4590
 2.2969  2.3463
 2.3029  2.3970
 2.3699  2.3945
 2.3786  2.4815
 2.3742  2.4622
 2.3633  2.3426
 2.4202  2.2426
 2.3388  2.3559
 2.3137  2.5438
 2.2904  2.5524
 2.3178  2.2823
 2.4183  2.5008
 2.3576  2.3823
 2.1487  2.4261
 2.2248  2.5155
 2.3078  2.3369
 2.3483  2.3978
 2.3809  2.4001
 2.3305  2.4872
 2.2387  2.5443
 2.3132  2.4967
 2.2562  2.5053
 2.2132  2.4561
 2.2822  2.4987
 2.3362  2.3103
 2.2959  2.5320
 2.4163  2.3751
 2.3035  2.2679
 2.3672  2.1527
 2.3984  2.5305
 2.2768  2.4376
 2.3660  2.5857
 2.2252  2.4275
 2.4083  2.3473
 2.3580  2.3646
 2.3552  2.3806
 2.2467  2.3666
 2.3696  2.4420
 2.3705  2.4383
 2.2422  2.4410
 2.3013  2.4454
 2.3756  2.4166
 2.2938  2.4405
 2.1840  2.5301
 2.3789  2.4275
 2.4063  2.3693
 2.4040  2.5031
 2.3452  2.5987
 2.2606  2.3490
 2.3668  2.4222
 2.2153  2.6296
 2.2922  2.4794
 2.3816  2.5076
 2.3852  2.5352
 2.3208  2.2454
 2.2548  2.3523
 2.3086  2.2924
 2.4389  2.3405
 2.3177  2.4833
 2.2842  2.3186
 2.4172  2.3328
 2.1731  2.2583
 2.2912  2.5049
 2.3152  2.3902
 2.2432  2.4172
 2.3577  2.4413
 2.2557  2.4137
 2.2187  2.4467
 2.3040  2.5810
 2.3080  2.3826
 2.3034  2.4099
 2.2657  2.4137
 2.3390  2.3704
 2.3410  2.2988
 2.3370  2.3295
 2.3097  2.4863
 2.3073  2.3893
 2.4018  2.3326
 2.3186  2.4521
 2.3857  2.4851
 2.2170  2.4124
 2.3209  2.4484
 2.4124  2.4665
 2.4080  2.4340
 2.2730  2.3083
 2.2978  2.4212
 2.1853  2.3290
 2.2405  2.4584
 2.3318  2.5176
 2.3266  2.4353
 2.3004  2.3669
 2.3344  2.4058
 2.3697  2.4816
 2.3179  2.4443
 2.3345  2.3894
 2.3753  2.4123
 2.3379  2.3635
 2.2590  2.4116
 2.2830  2.4470
 2.2862  2.4282
 2.3503  2.3773
 2.3349  2.4199
 2.4063  2.3303
 2.3042  2.6358
 2.2003  2.3884
 2.3320  2.3538
 2.2571  2.3858
 2.2487  2.4730
 2.3463  2.5006
 2.2563  2.4912
 2.2964  2.4250
 2.3220  2.3392
 2.3111  2.3012
 2.3170  2.4775
 2.4748  2.4258
 2.2508  2.4721
 2.3622  2.2953
 2.3441  2.2963
 2.3067  2.5250
 2.3031  2.6669
 2.3835  2.3594
 2.2873  2.5278
 2.3535  2.5236
 2.2166  2.3686
 2.4100  2.3377
 2.1728  2.4586
 2.2849  2.4011
 2.2747  2.4582
 2.2629  2.2568
 2.2927  2.5444
 2.1698  2.4874
 2.2909  2.4778
 2.2884  2.3135
 2.2955  2.4386
 2.3706  2.2754
 2.3042  2.5229
 2.2942  2.4563
 2.3939  2.4548
 2.1796  2.3511
 2.2769  2.3698
 2.3053  2.6514
 2.3163  2.3750
 2.4016  2.4417
 2.3162  2.3455
 2.2867  2.3266
 2.2179  2.3378
 2.2842  2.3403
 2.2888  2.3794
 2.4625  2.3688
 2.2874  2.3970
 2.2555  2.4809
 2.3530  2.4518
 2.3556  2.3384
 2.3261  2.3297
 2.2622  2.5064
 2.2823  2.3825
 2.3880  2.4070
 2.3536  2.3604
 2.2345  2.2905
 2.3329  2.5181
 2.3054  2.3639
 2.2981  2.2277
 2.3136  2.5477
 2.3685  2.4257
 2.3305  2.2651
 2.3646  2.5079
 2.2794  2.5450
 2.3290  2.3032
 2.2826  2.4653
 2.3238  2.3932
 2.4571  2.3173
 2.3160  2.4446
 2.3426  2.3278
 2.3494  2.3205
 2.1459  2.3559
 2.2621  2.3993
 2.3595  2.4773
 2.2138  2.3793
 2.2946  2.3018
 2.2501  2.4714
 2.3711  2.4895
 2.3996  2.4894
 2.2700  2.4595
 2.2337  2.2855
 2.2499  2.3089
 2.2890  2.4133
 2.3914  2.3937
 2.3214  2.4619
 2.3439  2.4005
 2.2851  2.3532
 2.3436  2.4593
 2.3091  2.5565
 2.1867  2.4199
 2.3866  2.4866
 2.2790  2.4667
 2.2915  2.3531
 2.2428  2.5067
 2.3600  2.5026
 2.3480  2.4257
 2.2916  2.5049
 2.2146  2.3999
 2.3463  2.4973
 2.4205  2.4355
 2.2993  2.3347
 2.2832  2.4216
 2.2634  2.3722
 2.3417  2.4151
 2.2917  2.5380
 2.2700  2.4752
 2.2425  2.4511
 2.3476  2.5302
 2.3233  2.5252
 2.3019  2.3357
 2.2159  2.4417
 2.2529  2.3762
 2.2875  2.5078
 2.3535  2.2965
 2.2088  2.3701
 2.4307  2.4756
 2.2399  2.3169
 2.3202  2.4662
 2.2755  2.3328
 2.3308  2.4711
 2.2940  2.4221
 2.3281  2.4515
 2.3310  2.3068
 2.2563  2.4053
 2.3077  2.2573
 2.3509  2.4384
 2.3119  2.4689
 2.3080  2.7247
 2.3611  2.3986
 2.3555  2.4783
 2.3517  2.4725
 2.2980  2.4566
 2.2399  2.4635
 2.3599  2.4009
 2.4033  2.5276
 2.2680  2.3660
 2.2290  2.5333
 2.1916  2.5136
 2.3019  2.2930
 2.3383  2.4315
 2.3853  2.3571
 2.4036  2.4225
 2.3402  2.3437
 2.2361  2.4625
 2.2946  2.3961
 2.4050  2.2931
 2.2918  2.4788
 2.2871  2.2965
 2.3475  2.4863
 2.3675  2.5201
 2.2737  2.4795
 2.3461  2.3656
 2.2569  2.4295
 2.1949  2.4645
 2.2872  2.3895
 2.2641  2.3444
 2.2815  2.5227
 2.3048  2.4336
 2.3239  2.3266
 2.2794  2.5060
 2.4282  2.4118
 2.4120  2.3482
 2.3327  2.3071
 2.2938  2.4038
 2.1376  2.3786
 2.3235  2.3674
 2.2531  2.3284
 2.2881  2.3755
 2.3230  2.4836
 2.2234  2.2837
 2.3980  2.4364
 2.2799  2.3987
 2.3069  2.3735
 2.3796  2.4444
 2.3143  2.4345
 2.3069  2.4067
 2.3294  2.4999
 2.2605  2.5370
 2.2370  2.4539
 2.4501  2.4634
 2.3005  2.4873
 2.1788  2.6040
 2.2528  2.3584
 2.2416  2.4354
 2.4204  2.4438
 2.2571  2.3489
 2.2062  2.4139
 2.3556  2.4063
 2.3124  2.4192
 2.2418  2.3959
 2.3374  2.3019
 2.1196  2.5532
 2.3037  2.2872
 2.3561  2.4912
 2.3982  2.2608
 2.2505  2.3867
 2.2401  2.4647
 2.2183  2.5330
 2.3255  2.5059
 2.2581  2.5185
 2.2933  2.2994
 2.3597  2.3451
 2.3316  2.3966
 2.3067  2.2708
 2.1777  2.5005
 2.3278  2.4414
 2.3608  2.4739
 2.3984  2.4555
 2.2960  2.6087
 2.2696  2.2767
 2.2376  2.3497
 2.3529  2.4314
 2.2802  2.4156
 2.3208  2.4724
 2.2590  2.4336
 2.3192  2.5166
 2.2973  2.3144
 2.3513  2.4765
 2.2782  2.3253
 2.2656  2.4731
 2.2501  2.3391
 2.1627  2.4823
 2.3490  2.7197
 2.3569  2.3533
 2.3610  2.3912
 2.4260  2.5623
 2.3475  2.4175
 2.2108  2.4999
 2.3378  2.4776
 2.3867  2.4272
 2.4051  2.5178
 2.3943  2.3106
 2.3554  2.4420
 2.2328  2.5254
 2.3071  2.4356
 2.1008  2.4698
 2.2681  2.4384
 2.3451  2.4441
 2.3721  2.5010
 2.2681  2.3958
 2.3978  2.4400
 2.2852  2.4272
 2.2513  2.3688
 2.2543  2.4243
 2.3078  2.3500
 2.2299  2.3868
 2.2458  2.3584
 2.2403  2.4781
 2.4378  2.3854
 2.3829  2.4583
 2.2962  2.5901
 2.2930  2.3786
 2.3810  2.4342
 2.2845  2.2565
 2.3814  2.3255
 2.4011  2.5076
 2.3481  2.4321
 2.3718  2.5639
 2.3381  2.5149
 2.2756  2.3974
 2.3391  2.4769
 2.2578  2.3837
 2.2798  2.2714
 2.3499  2.4941
 2.3873  2.2854
 2.3017  2.3958
 2.4222  2.3658
 2.3034  2.5029
 2.3857  2.4861
 2.3199  2.4213
 2.2658  2.4582
 2.3375  2.5559
 2.1202  2.4956
 2.1793  2.3827
 2.2740  2.3107
 2.3225  2.3372
 2.2219  2.3529
 2.3372  2.4551
 2.1703  2.4690
 2.2802  2.5188
 2.3027  2.3751
 2.1951  2.4379
 2.2827  2.4482
 2.2897  2.4240
 2.2499  2.4426
 2.3561  2.2262
 2.2795  2.3548
 2.2736  2.4554
 2.2881  2.3877
 2.1460  2.4798
 2.3181  2.5096
 2.3164  2.3837
 2.2992  2.4515
 2.2563  2.4095
 2.3557  2.5227
 2.3027  2.5666
 2.1945  2.4580
 2.2179  2.4841
 2.2660  2.2579
 2.1879  2.6765
 2.2526  2.3850
 2.2953  2.3510
 2.3372  2.5414
 2.3301  2.5098
 2.3227  2.4819
 2.2701  2.6143
 2.2477  2.4109
 2.2083  2.5562
 2.3640  2.4427
 2.3682  2.4673
 2.2255  2.3704
 2.1418  2.2875
 2.3870  2.5445
 2.3218  2.4534
 2.2507  2.4153
 2.3361  2.3942
 2.3220  2.5974
 2.2355  2.5529
 2.2099  2.2402
 2.1548  2.3915
 2.2728  2.5234
 2.3304  2.5036
 2.3070  2.4695
 2.3241  2.4863
 2.2347  2.2755
 2.2204  2.4382
 2.3295  2.5089
 2.3231  2.5072
 2.3395  2.2839
 2.2801  2.6053
 2.1962  2.2079
 2.3552  2.5546
 2.2669  2.5457
 2.3485  2.4757
 2.3950  2.4173
 2.2805  2.4520
 2.2839  2.3811
 2.3453  2.2741
 2.3369  2.4122
 2.1621  2.3396
 2.3493  2.4466
 2.3142  2.3490
 2.2693  2.3104
 2.2105  2.4485
 2.2635  2.4836
 2.3104  2.6057
 2.3425  2.4195
 2.2849  2.4576
 2.3042  2.2541
 2.2748  2.4084
 2.4103  2.5260
 2.3644  2.5893
 2.2562  2.3761
 2.2709  2.5640
 2.3723  2.4122
 2.3340  2.3520
 2.2680  2.3464
 2.3352  2.3310
 2.2716  2.4545
 2.2990  2.2871
 2.3230  2.4280
 2.2679  2.4161
 2.3729  2.1346
 2.2207  2.5320
 2.3541  2.5826
 2.2950  2.4286
 2.2521  2.4619
 2.3320  2.2297
 2.2768  2.4460
 2.3356  2.4998
 2.3178  2.6080
 2.3633  2.2677
 2.2897  2.3567
 2.3742  2.2669
 2.2230  2.3465
 2.3798  2.4999
 2.3370  2.3172
 2.2800  2.4096
 2.3048  2.3968
 2.3052  2.5538
 2.2570  2.5223
 2.2677  2.5527
 2.2619  2.5776
 2.3681  2.3972
 2.1670  2.2487
 2.3955  2.3388
 2.2615  2.4196
 2.1731  2.3520
 2.2860  2.5666
 2.3146  2.4491
 2.2977  2.4307
 2.4056  2.4373
 2.3530  2.4571
 2.2313  2.4117
 2.3113  2.3356
 2.1612  2.3288
 2.3365  2.4723
 2.3296  2.3003
 2.3372  2.4489
 2.3302  2.5264
 2.3187  2.3266
 2.3099  2.4424
 2.2744  2.2944
 2.2251  2.5107
 2.2686  2.3309
 2.3443  2.4096
 2.1956  2.4472
 2.2560  2.4008
 2.3147  2.3983
 2.1772  2.4180
 2.2280  2.4327
 2.3330  2.3565
 2.3909  2.3304
 2.2985  2.4474
 2.2990  2.4451
 2.2241  2.4769
 2.3442  2.4735
 2.3260  2.4477
 2.2883  2.2410
 2.3491  2.5617
 2.2997  2.4237
 2.1595  2.5128
 2.4052  2.4143
 2.3500  2.3830
 2.3094  2.4384
 2.2761  2.3907
 2.2900  2.4298
 2.3604  2.4341
 2.2961  2.3989
 2.3699  2.5155
 2.1815  2.5124
 2.2050  2.3750
 2.3660  2.4121
 2.3279  2.3149
 2.2487  2.4221
 2.2444  2.4328
 2.3599  2.3896
 2.2762  2.5181
 2.2894  2.3338
 2.2677  2.3452
 2.3481  2.3532
 2.1907  2.5304
 2.3071  2.2865
 2.3751  2.4496
 2.2594  2.2982
 2.2936  2.4706
 2.3212  2.5276
 2.3295  2.4540
 2.3104  2.4675
 2.3193  2.3892
 2.2419  2.3782
 2.3772  2.3724
 2.3694  2.3509
 2.2816  2.3456
 2.2802  2.5867
 2.3326  2.3731
 2.2377  2.5164
 2.2752  2.3805
 2.3542  2.3814
 2.2000  2.4077
 2.3257  2.3338
 2.1873  2.4246
 2.2921  2.3988
 2.2919  2.5142
 2.3051  2.2133
 2.4236  2.4999
 2.3208  2.3240
 2.2373  2.3425
 2.2874  2.4050
 2.1928  2.4551
 2.2921  2.4758
 2.2483  2.4779
 2.2559  2.3831
 2.2615  2.2243
 2.2026  2.3874
 2.2916  2.4972
 2.1895  2.3408
 2.1576  2.2510
 2.3141  2.4655
 2.2274  2.3502
 2.3094  2.3950
 2.3087  2.3361
 2.2710  2.3770
 2.1764  2.3696
 2.1801  2.4638
 2.2425  2.4772
 2.2956  2.3722
 2.2895  2.2350
 2.2145  2.4530
 2.3709  2.5596
 2.1140  2.4166
 2.1860  2.4477
 2.3168  2.3217
 2.3230  2.3228
 2.4069  2.2845
 2.2693  2.2894
 2.4030  2.4330
 2.2566  2.2297
 2.3408  2.5101
 2.2942  2.3424
 2.1837  2.3544
 2.3361  2.2753
 2.2939  2.4614
 2.3449  2.4351
 2.2703  2.2736
 2.2524  2.3914
 2.3063  2.4551
 2.3206  2.4074
 2.4122  2.4200
 2.2137  2.3474
 2.2872  2.6005
 2.3357  2.4021
 2.3339  2.5307
 2.2990  2.3282
 2.2731  2.5262
 2.2384  2.4386
 2.3344  2.4211
 2.3934  2.3929
 2.2662  2.4675
 2.3765  2.4347
 2.3312  2.4062
 2.3489  2.5070
 2.2525  2.4855
 2.4611  2.4381
 2.2140  2.5407
 2.3090  2.4672
 2.2206  2.3525
 2.3042  2.4643
 2.2648  2.4318
 2.2730  2.4261
 2.3094  2.3367
 2.1736  2.2622
 2.2691  2.3812
 2.3480  2.4448
 2.1822  2.3243
 2.2151  2.4929
 2.2628  2.3100
 2.2707  2.4266
 2.3797  2.4401
 2.2119  2.4635
 2.2329  2.3971
 2.3241  2.4999
 2.3519  2.4068
 2.2497  2.4556
 2.3011  2.3012
 2.2358  2.5193
 2.1630  2.4046
 2.2447  2.4668
 2.2688  2.4178
 2.3082  2.3814
 2.2152  2.3333
 2.2254  2.2152
 2.1691  2.5111
 2.2983  2.3815
 2.2488  2.4260
 2.3799  2.2736
 2.3413  2.2526
 2.2611  2.5228
 2.3529  2.5162
 2.2024  2.2818
 2.3269  2.4615
 2.1874  2.4530
 2.4360  2.2862
 2.2159  2.5159
 2.2312  2.5649
 2.3358  2.4572
 2.2265  2.4476
 2.3132  2.3540
 2.2782  2.5047
 2.2880  2.3199
 2.2034  2.4110
 2.3207  2.5165
 2.2209  2.3707
 2.3228  2.4428
 2.3761  2.2927
 2.1937  2.4539
 2.2274  2.5111
 2.1567  2.4891
 2.3157  2.4120
 2.3213  2.4303
 2.1869  2.3298
 2.2591  2.4714
 2.3327  2.4345
 2.4125  2.3933
 2.3066  2.5243
 2.2478  2.3486
 2.3319  2.3428
 2.3045  2.4603
 2.1657  2.2091
 2.3499  2.3503
 2.2526  2.4017
 2.2661  2.6393
 2.1609  2.4377
 2.2917  2.4039
 2.2043  2.4815
 2.2249  2.5153
 2.2242  2.4035
 2.3177  2.4786
 2.3950  2.1561
 2.2852  2.2641
 2.3007  2.5450
 2.3380  2.5206
 2.2112  2.3064
 2.3268  2.2967
 2.2556  2.2971
 2.3587  2.4675
 2.3231  2.3588
 2.2752  2.5765
 2.2514  2.3635
 2.1462  2.3521
 2.2209  2.5210
 2.4086  2.3103
 2.2316  2.2994
 2.2521  2.3934
 2.2249  2.3179
 2.2902  2.2749
 2.2906  2.3589
 2.2516  2.4736
 2.1987  2.3660
 2.3146  2.3979
 2.3084  2.4242
 2.2746  2.3527
 2.2990  2.5435
 2.3206  2.5306
 2.3286  2.4254
 2.2132  2.3390
 2.3459  2.4718
 2.2418  2.3664
 2.3348  2.3475
 2.1557  2.4474
 2.3750  2.3572
 2.3395  2.5193
 2.3164  2.3586
 2.4144  2.3191
 2.1659  2.3141
 2.3631  2.4086
 2.3780  2.4814
 2.1734  2.3799
 2.1896  2.5464
 2.3330  2.3934
 2.3400  2.3614
 2.2399  2.2623
 2.2784  2.3945
 2.1634  2.3939
 2.1336  2.4681
 2.3804  2.4693
 2.2963  2.3689
 2.3040  2.3579
 2.3390  2.3760
 2.3409  2.4595
 2.2299  2.4275
 2.2652  2.3523
 2.2892  2.2358
 2.2218  2.4196
 2.2933  2.5596
 2.2714  2.4694
 2.2029  2.4869
 2.2501  2.5560
 2.2394  2.4723
 2.3110  2.4259
 2.2872  2.3901
 2.2308  2.5602
 2.2748  2.5192
 2.2544  2.3543
 2.3846  2.5096
 2.3382  2.5173
 2.2228  2.3235
 2.3095  2.3583
 2.2508  2.4927
 2.2914  2.4052
 2.2419  2.3472
